30435 7751
27196 15813
18885 1223
6545 13063
8670 5640
23923 20738
13068 22011
22870 12996
13720 21698
2768 16233
26788 26381
10027 12285
13885 25135
23444 8126
17851 5661
24809 4473
5338 876
30292 24137
26063 15404
449 18774
11550 22790
5908 29833
29090 6353
5355 21380
27892 24755
28960 15036
28073 9539
9544 2360
16590 26599
793 22057
27306 2840
28642 14208
13619 29039
20610 25026
12662 3672
18353 4075
23314 14247
121 15715
14060 30032
16081 28384
4171 27940
14169 16709
15031 6769
9841 21686
21934 27975
24429 30168
949 13065
16294 19851
25605 29010
16017 10382
12306 836
15878 28396
1823 13144
21802 17965
30134 18416
7152 10475
2086 11448
28864 24042
24208 14812
26317 23207
25833 10007
26696 10405
5557 22056
20344 5406
9729 767
3794 7340
27951 14868
5217 3689
19049 29808
22501 9459
24719 117
2256 17912
25130 28991
18835 6324
7394 28267
30100 9558
25296 11133
21544 13795
16221 17660
3764 5681
8739 656
3127 18787
11787 19801
24410 4810
21906 21148
17410 8076
8950 1759
10862 22877
23721 21705
25767 17036
23469 22354
27514 708
16940 4179
2234 25429
219 314
26348 23381
1757 21604
20337 4303
8500 89
4949 23460
21858 29300
505 8534
26547 18609
13618 30011
4311 26223
9583 18162
14238 7038
12509 26573
18254 5210
27512 26435
20548 11957
19990 26236
4779 26608
21501 1802
28916 7651
19910 5696
24863 4927
23664 5202
14725 27187
27029 9548
17255 7276
19246 11916
7561 20501
17740 24141
25284 2657
5898 13261
15193 10762
8936 12270
6562 3535
9642 9811
1532 19132
12489 15212
12834 2137
251 10278
23736 9967
29535 25614
9748 10511
22636 18361
28387 23340
15378 28585
28969 1638
4443 2433
3293 25411
7697 6215
3787 12819
30152 16448
18388 2159
6821 20824
23472 8533
20372 28472
6494 21040
17527 18176
16622 7073
27081 26809
2316 25635
17306 23114
1916 19695
20600 17428
11921 3131
8436 8565
24864 19719
23085 12931
13241 24474
4405 26031
27633 4829
216 26841
2992 10807
318 3614
15953 28642
20742 5687
10242 14744
16583 7699
586 20623
15343 10198
15331 15031
23113 28681
238 16670
18921 29762
24459 28739
22627 618
26536 22211
16812 9250
15816 21002
29082 9056
22008 678
12822 10589
11916 7089
19423 19842
12908 2649
10229 21537
19878 13067
24677 12263
8375 10971
20204 7999
13532 21560
17649 19248
21593 13754
609 6171
9543 24297
27226 18056
10350 30085
21137 4537
433 12061
2078 25765
11633 20683
10608 22154
27280 6312
10229 22157
43 24036
18774 19805
14164 27995
5319 10326
3817 3084
10739 29758
17002 27846
18870 19300
11157 905
10473 23282
9605 3973
6677 6948
18561 28264
26571 3881
21094 23985
28879 23481
30048 6157
10478 4102
24675 3026
495 27684
7390 6912
11768 24313
6166 23802
18768 16816
21102 27726
7193 10636
29116 28312
557 2111
17197 17040
1671 13814
15828 22241
6021 8053
8897 6803
9421 19218
13491 713
7094 427
20134 12393
5365 28944
9855 13564
7807 25968
6387 28224
11968 20863
22170 12964
8605 7700
27171 1680
25642 10985
22305 21223
22597 503
555 5898
27593 4826
22417 9246
21304 14185
21926 11555
18433 9144
9058 25651
29376 5118
8085 9445
3058 13138
15172 15976
2746 21266
15026 21299
12943 30270
20507 20844
9050 4703
25833 16708
6338 3588
347 19060
10936 25514
3872 16355
13658 27266
9390 17884
16379 4924
4205 25800
2171 4635
19619 26683
28845 22758
17813 18481
166 27374
17313 12471
11679 2749
22445 7364
2435 7927
12113 16248
7230 12119
2461 10629
14993 19694
25189 4164
22506 14515
5889 1244
5259 24283
8776 14603
21974 21271
13805 29130
29394 7211
26446 25562
1143 1585
551 18698
6973 550
16341 25290
10783 8285
20104 14180
28897 10114
14215 1997
27584 10381
10819 20526
2333 10743
5913 26119
27425 22746
10986 804
21117 15603
611 10734
10526 24117
18643 19415
24821 28843
9888 24287
29924 18423
25648 22066
16077 7244
24945 26417
23969 19036
5794 22002
2399 1936
16365 24868
10295 19363
8404 9549
18421 22839
225 2895
29155 24455
3795 6578
3746 21892
26648 17211
20194 17340
11583 19129
12333 20048
7279 3917
7339 18462
7836 16013
339 28086
28218 9009
18004 153
11093 9411
5206 26533
13747 443
29110 1688
18125 17863
26125 12402
20742 17322
5934 22289
456 2915
12970 17415
18165 10632
1159 28279
13907 22668
19666 14742
25345 29375
19260 21835
27960 3453
25694 849
19573 21653
9205 10826
21391 25384
16473 7510
27584 2584
20335 2094
21003 17098
2345 18991
22515 3061
7003 26441
16772 13022
24735 20388
28870 5225
7860 15685
12602 22509
11129 28581
3752 666
7324 23337
22139 21156
9135 4910
13468 3511
24212 28346
28237 29581
16700 24154
28898 29
26403 4683
10067 8116
13767 21066
868 8570
19363 4195
15136 13580
9458 25197
20713 21668
1216 181
29567 18639
2656 28505
28890 18922
16691 12263
30258 12281
22143 24627
14925 14096
11847 15435
30216 3802
20131 16430
27100 29664
15837 7694
10683 13640
13937 17592
13046 14713
28105 12879
23171 13271
23802 11285
7515 7219
24995 23280
24287 29733
26991 29954
19036 2633
27385 4661
13089 27531
9746 2849
27850 12533
1218 4335
10286 27694
22749 24540
30061 2464
15558 17234
22480 21479
29662 785
21987 11016
11231 14294
22481 3171
3225 5099
17874 16530
29452 7461
1724 7629
6276 9738
27733 10803
11366 15996
15646 16572
11534 16544
5316 21129
23332 26489
10110 18277
5278 15080
3505 17276
11291 12674
16394 20062
18594 16582
9323 12542
16276 13926
18217 3060
10116 16393
15861 18889
19507 13897
14498 5045
22871 9838
27576 10434
17455 8872
8776 3144
18105 15862
5775 8747
7297 27283
11307 24559
22214 6878
17823 25255
1821 16901
25789 11559
6538 21351
15300 22483
9566 16086
26071 24224
1773 18941
20593 1495
393 21655
27274 29455
14280 8140
5827 27776
387 12247
1260 12604
22841 30181
19407 22644
28664 10117
4443 7086
2460 6224
3776 19037
5974 28297
4518 25714
6673 17246
5058 24968
20017 27102
24037 417
21850 19851
15338 24570
7386 12393
2599 24174
23440 25784
7084 8103
7855 27032
19437 30299
20533 5544
25678 22233
11479 20693
23730 29633
12221 11942
28780 28641
13673 15784
6149 23044
12101 21290
14152 19869
4552 28543
13177 21528
26616 24473
14678 30151
22184 24852
23733 26966
29339 1235
2282 19458
15794 22895
2982 22631
25430 6444
28227 11653
2502 5338
27451 19995
11642 10265
14930 9094
995 25543
4084 30329
30168 17566
25879 26739
26670 11312
21521 13317
15214 24489
5842 23442
26432 26233
4803 25285
27951 19299
28795 11002
3411 20797
13735 12046
17009 18898
13698 27117
9062 24856
3627 13301
6697 22024
9582 25950
4976 13298
7333 17229
3576 12162
10365 25418
20878 22852
29357 21061
7707 4299
23114 19200
21985 11279
4549 9678
19224 20099
19928 26887
6392 5714
7457 7
854 13236
8506 7793
6192 19477
12442 25644
12933 29015
12624 13795
13375 20922
8331 10122
10180 29503
22648 2229
24976 17205
10225 7045
22325 20773
20011 22513
14913 11389
4107 17617
19022 30070
16791 5067
20019 21914
15711 23334
11848 28411
10069 7240
10040 7742
10299 5247
11798 821
8388 23431
28488 2930
19170 9670
6433 18623
23169 16333
5878 28817
9593 10322
17620 25595
3930 2952
19235 17750
29640 3411
10300 20816
3140 10013
6053 24387
19085 6484
29554 20679
8767 27398
4123 23988
11046 25031
13855 14651
9739 14015
17399 29628
28938 3251
13223 6575
3453 8937
6041 26609
28057 12303
22699 18154
13092 11023
1487 1918
13601 26157
22527 24158
8614 26248
7457 24978
26747 5080
29782 2078
13054 1132
17398 10249
16357 22767
19686 23630
10199 6033
1836 16950
25691 17260
13836 17360
30010 23421
446 29774
29793 16111
28647 26940
22917 1734
1231 22004
8640 8081
16406 1671
18479 19448
21092 16778
10614 4600
23503 28530
19285 24700
17070 9471
23817 5056
23928 29664
19847 11874
22116 732
23090 4329
4837 21559
4464 3514
18252 3085
30076 6339
19909 19432
9630 29158
9165 10811
1186 2486
24633 947
2318 1786
12982 23187
2034 6772
16222 19941
29783 10648
1356 7478
365 23754
28196 26405
12542 19961
25566 22745
1102 18108
11042 9354
23903 22465
13338 10408
18484 8654
4657 30397
19241 20372
27449 7361
7131 17764
8551 6671
4987 11626
27943 6181
21975 7003
12980 4429
29732 9359
1663 14494
25124 17891
3950 23879
9307 28344
24198 417
10373 4694
1436 1438
12719 3529
5908 5302
28316 16297
22301 2411
10703 29520
23317 5104
29712 21616
7842 19973
28333 22299
15338 19668
12083 21209
9101 25704
16980 12912
28584 14000
30395 22579
25199 19794
6956 26421
23006 3281
27582 22915
21692 1606
5752 18581
11985 29670
5698 20202
12496 11880
853 11590
4095 9765
30126 22869
7630 14032
23876 262
4212 1983
28942 2561
20835 26497
11920 20517
25063 24079
8540 9644
10454 10923
13427 12353
14502 22403
22527 9207
15943 12495
14210 17890
260 28236
19707 10984
7018 1723
2527 12822
17660 24881
14708 11476
22008 23677
22684 8849
22373 1927
12866 17339
10718 13041
1381 21350
19331 16512
5069 19956
17323 10671
14459 7486
283 9382
25809 10060
7600 14919
10285 24500
21302 21804
2022 27614
3653 23140
13730 14476
17426 8500
28050 12070
5227 29938
10684 18730
15709 11846
9237 523
1158 19858
11284 23438
12811 17908
15837 3444
552 27786
21686 10501
30430 21358
20744 26382
23146 3665
9192 10829
16403 120
18618 10852
25862 28385
8262 29207
26751 27589
17925 18659
15232 16932
21292 18438
20808 30328
6294 2321
22287 13260
8833 2709
21237 9536
21284 13882
6974 3120
21840 22341
17196 137
25523 10647
12761 27598
19567 23275
26036 21003
28428 12263
19034 2225
6575 2351
17756 19865
21167 19223
25179 10747
22851 15308
926 18692
16140 18797
10882 13100
10293 5438
3273 7070
26102 1691
29491 18434
29123 8556
5833 19225
20375 28458
14703 9718
26721 2427
25114 29572
10451 30311
6642 8365
21184 11436
177 17054
588 19593
7895 5654
9715 7251
19663 13724
13102 25532
13277 23204
22826 15450
29880 19745
10157 12432
15965 7552
4908 8417
17896 3578
27430 22992
22370 16180
5445 25101
4336 24381
5214 15257
2108 3755
30143 12162
12326 20215
30301 29493
1481 21569
4446 10514
27595 27669
15555 13094
19600 654
29302 5917
21870 17563
16926 17580
12835 28861
5981 2171
7111 6678
1423 18315
16807 22636
6637 13267
2701 24318
11810 7484
8546 20482
21951 5297
10782 10430
3994 9320
25166 19985
9371 16317
18103 29949
13756 22917
17030 25777
11539 10052
23201 23056
4665 22551
29494 15049
474 19795
24728 22726
20359 22678
11037 3794
14670 7696
20225 27276
2160 18009
18282 14447
4064 25555
10836 9932
15320 19418
2752 17433
4443 7390
27678 13523
28445 25325
7398 24258
27392 7345
20082 2444
28005 1649
11272 3327
13938 23661
30048 17659
10375 13636
18208 21634
17065 6101
12307 29812
10497 1711
2867 30237
22815 23113
5891 7314
27225 16821
24784 18021
2138 23499
11224 9198
11893 26166
16838 9266
22663 18866
23451 11892
26767 3491
19501 1736
16186 2246
5878 5698
16182 9953
8716 25407
21476 18889
29195 19555
24747 23134
28434 26594
20579 1723
24562 12900
8724 5952
2025 12995
18724 29581
9896 24639
12516 27330
27444 18516
2918 10497
4690 3874
11465 11254
21161 21718
10687 7215
7035 26436
20700 10726
13152 16140
26148 20667
21568 19285
15299 462
6596 29146
29835 26473
26573 16916
26822 23246
17729 27411
7212 2905
21034 24327
1331 8177
13523 18175
10205 1577
24591 6916
9001 7323
8338 14574
18918 5231
10661 6845
13993 14977
24291 17437
21785 12050
8490 25269
23039 19595
17792 13721
23268 26852
22104 4786
15217 21102
1586 16190
17769 29384
25573 2956
9276 13495
6628 8450
6503 12064
3641 21789
12025 16048
16199 1871
9219 26860
25249 21945
7967 3687
10123 14056
12946 10598
23801 20795
10221 9682
6762 14729
16562 2104
27669 20458
19627 29157
3522 19296
14199 6437
4476 27936
16093 16494
20251 19885
13831 21597
20673 9790
13308 1038
5334 14414
12677 5272
26895 11781
4217 21490
14620 23577
2937 11882
27794 5041
24448 29639
6355 1088
166 8920
13986 11023
24220 933
7729 21049
29258 7997
27198 20260
11307 29942
12854 5160
29775 8458
22310 8175
24929 5855
8860 21999
23227 1565
23235 8415
24325 10892
7378 24378
15281 11804
4425 2423
7320 20852
30429 21079
15497 29644
24220 9423
21576 10314
18328 18437
2249 22545
4134 5994
23591 10784
26740 24369
21157 26592
11998 15650
1057 13764
27673 27948
30331 26492
24417 25688
10771 3731
17323 15469
29631 16229
20215 9607
16979 4306
8167 5951
15791 14003
10509 25698
26188 4792
8648 17045
6801 635
11513 3071
9484 14653
16254 11521
7998 1456
11525 5483
26696 22900
7079 11633
12680 8611
17521 23560
19095 17416
28405 28307
25335 16515
9866 9750
27982 1020
6509 13892
17838 7184
28893 7700
21114 20022
3261 17280
9562 2632
28988 14119
6436 15081
15194 9575
3747 25147
3455 23365
28122 25081
18634 26297
5114 7181
12540 21374
3523 28505
7743 7648
9491 12616
20061 29770
5333 26532
18945 7869
2301 26680
12095 26631
5048 23431
19694 351
12399 23752
8788 10222
24293 7764
18586 24887
21937 28051
14685 849
27930 10333
5914 22269
1059 12891
9262 19860
29132 24984
9913 26831
22757 846
1846 26417
7028 14741
8469 28284
9074 6588
12822 18139
14751 26277
2721 15820
946 17638
15752 9882
27693 18080
11700 18705
9690 17828
21640 11789
19991 24739
8679 15533
13472 20768
21377 14978
2582 7160
2929 20473
699 25446
8608 12783
4187 26249
19016 16173
2512 25984
20115 6170
21507 27418
26261 1756
15224 24621
11576 1888
23704 18058
26086 27340
18616 1473
7018 23135
24909 20157
18225 19278
2203 10300
23560 7954
17035 13283
5108 14745
976 12707
25266 2402
17773 3432
17070 14590
16594 24244
26376 23547
23669 27379
28233 27112
23743 2806
2536 30044
21033 4082
6736 18043
2342 16780
26331 21617
29956 4568
19112 18309
17402 22571
22150 13886
26115 12053
13772 1946
6251 8167
2175 15632
25084 3106
23150 22735
25784 4121
13132 28626
15371 14856
15958 3537
13220 28617
16075 4755
11023 28526
28491 24878
2738 15999
14509 3613
15448 9102
1822 16056
19772 9922
3926 4273
3293 1630
29565 29780
20483 17091
24646 20159
8718 6059
9450 7848
27161 22429
7594 24403
3781 2345
1020 24199
4661 28595
1780 8423
10244 29878
17292 26065
29879 8836
1620 14290
20075 20145
16679 767
23440 17379
25622 19193
6707 29881
91 26902
28093 19710
25337 26904
24883 14005
28018 13591
3873 9118
22771 16166
3158 29440
27537 29017
20480 22134
26172 2961
14050 18204
3230 10789
28365 3252
769 18132
9750 2070
1105 8104
13650 7
9926 22202
7567 2645
13694 635
10571 5145
21884 9007
25353 25079
29261 19365
21445 23495
8283 1408
16083 10790
6500 12378
1920 17925
6688 13365
16646 25595
2400 17321
20933 764
20436 15166
11038 20780
5045 9905
18879 5887
22820 1668
24082 22343
29282 24005
30061 16487
23227 27568
3150 7206
24414 18536
13063 23986
26355 16705
23561 5171
2590 27194
3452 10818
22804 21064
28065 7625
26546 26251
2279 1055
7276 19394
22482 21285
11271 29832
19304 3569
13433 21340
8758 10815
22065 19014
10259 16801
3085 5800
24833 28126
3895 23276
24043 5545
30337 13320
4090 5698
28131 19097
637 17314
11004 1511
25478 15372
16839 19756
20386 20006
29359 30312
24904 21418
12985 7159
10642 17710
22618 20555
21129 4535
23493 16765
21109 30172
9833 20795
7443 8815
6567 14512
10143 8047
21237 29562
7763 2552
19160 13675
23140 421
19504 18149
23810 1980
9972 21339
1526 13252
20562 26454
1327 1669
16035 3768
1830 7773
20134 29001
9384 6037
7771 25466
29825 27995
10166 2322
1746 7766
9849 28172
8024 15593
30225 13051
20292 13875
30247 27503
25656 14963
13309 2566
10982 19360
23303 6005
938 13760
9013 152
12627 12847
13969 27513
8552 9683
25491 25973
8594 5317
3532 26637
14427 7531
6395 18095
11347 4818
8012 16140
20554 11812
19654 9227
9495 3271
18242 23019
22653 10404
20657 4213
11834 1475
13039 26302
10479 25152
28221 20623
16593 19852
19934 13833
6680 17854
4295 9526
10591 21534
22852 9437
11498 12475
28340 28515
23843 5109
16260 14928
14161 27709
27438 6360
25350 1241
15218 19907
30425 6697
21874 16396
25603 931
18241 5019
24087 18481
21613 9819
2538 3304
19536 13105
20112 5042
1069 12974
30167 15794
25978 12111
3918 29527
17481 12556
27385 14060
26011 15600
15866 22377
26037 23669
30433 4468
29473 7942
20286 19765
16194 3699
4894 22441
6609 23367
5719 26911
11221 4984
20832 4331
21277 22264
19014 27960
26886 29768
11247 10504
13316 27904
20950 26278
10239 6193
23492 4130
17699 4158
10889 15382
25152 10447
22018 24669
4630 18329
3537 28266
18074 3044
7163 17129
8227 8293
15543 27078
5148 19562
12962 10209
29374 11935
25329 18133
6353 4776
8352 26562
2814 20666
5681 20171
30101 28462
29856 26959
23307 23330
14713 7318
26310 16407
11818 20759
23118 29580
10107 22928
1960 21822
27655 16341
25707 1679
8587 21755
21624 8538
10195 1023
1988 12992
1905 23443
21712 4219
3990 17397
14510 27618
14350 3129
16301 9276
28852 21338
3372 12793
26233 6647
14030 19980
138 12351
4936 17954
14788 5822
7408 1779
12988 19763
27309 10150
18920 5815
4609 1015
14489 7856
26803 28943
4564 29937
3312 10866
13038 14847
15621 17651
12857 4871
13355 11027
6470 7427
26650 10649
20376 7318
14442 21099
3110 26527
12774 2042
5567 4482
8742 21249
25489 11053
21609 23309
4886 30131
347 16832
2332 1142
23189 1736
26810 23364
20280 5377
19226 4668
13649 29237
14386 5424
11566 12695
19441 19046
8263 24809
2822 27450
18007 17434
4472 16199
19055 14625
16533 28614
10510 10792
20843 29514
1751 485
8787 21429
19400 24100
25870 16689
15726 11771
13354 18613
10970 2361
25420 6151
16840 16237
11781 4456
17912 4725
27577 7234
18424 26466
21193 13779
3858 7402
20497 14639
2026 440
6390 1577
20601 11361
28820 20703
11282 29208
25996 18600
16699 4118
30370 5806
29956 18565
8936 11279
4388 551
17670 14717
2622 4669
8355 5445
6096 21615
26519 29844
19003 8058
27067 228
25658 16504
22165 13692
2618 1380
2687 10515
22764 3355
12745 2992
9156 26315
6333 5620
25122 22878
16077 4177
7950 26530
9454 15349
20068 10413
26044 25171
24748 10120
12636 238
748 16575
24326 864
13069 4880
10106 2805
3126 23535
11238 22030
9039 3909
15525 24302
14672 27857
30388 14066
16229 3377
17682 5118
18555 23156
5563 10502
23410 5157
293 30136
18867 7573
17909 18915
28858 24223
1875 17445
6521 5176
21366 24018
14631 6940
18692 17784
16394 25301
1930 21656
2805 25748
17038 1223
2449 18926
26994 18570
18409 17283
26041 19879
19864 393
1830 19626
28679 24352
16812 26814
4889 12812
5421 4622
6764 13721
4427 10787
8084 2446
4714 30345
16979 20472
8675 16811
17930 13039
17752 24780
13698 11704
4056 13711
14051 3580
28639 19002
12104 12634
14520 30168
25626 5673
6889 27816
7117 386
3376 22475
17607 6562
5272 1963
16070 7490
24437 30321
12098 26716
22827 15893
29896 5343
14008 23487
1356 14825
20471 1885
14430 4725
12744 14582
13297 13667
16013 21729
26305 16347
4314 23203
21832 23525
30049 18693
2055 3959
11840 2376
27005 12172
6488 25449
10997 21459
17510 27251
21644 18914
1649 5601
2975 6264
3840 3024
30376 29349
27541 7607
19149 17730
6831 6654
19089 385
1745 24027
17938 2508
29009 25650
3770 12909
16164 18960
5149 11593
25608 18968
8507 659
5253 18690
12251 24807
29375 10058
19831 11996
29354 25704
15306 4425
1984 8386
3882 1053
8718 11568
16958 29601
4305 12143
12976 29800
21699 29301
15578 26675
23392 11651
5640 13670
21887 21344
11008 19990
22117 2101
15317 6490
19245 19315
4122 29718
18714 29520
12575 1805
7371 25503
5853 1156
18668 26193
5082 18949
25007 4514
18650 30027
22305 14172
548 18540
19658 8028
9961 5006
2075 26365
9930 13399
8587 16259
9140 19457
17426 7697
4245 8136
12908 28949
13577 5857
25724 29589
16839 4866
13648 15690
23848 3393
8629 4698
22559 26202
27901 15677
25065 10961
24730 8190
29761 11510
29274 24974
27175 12518
11411 11135
7064 13299
6569 5334
12363 9352
9175 8867
28753 21720
11664 5383
30236 1971
29537 27507
20359 7030
16758 2751
23966 2270
13878 24080
28568 21847
16838 16168
19508 23697
6094 22269
1740 10244
5081 26320
4698 23406
16415 25993
26228 23225
28044 24026
22334 15602
3070 9607
9537 20467
2529 27576
22382 28940
13149 7696
5733 24050
27129 26446
22962 8918
22152 8433
17199 6033
29110 823
14416 11374
18017 6154
15616 5
28222 7519
16767 23513
13468 14550
19479 4211
15686 22204
2344 28027
28959 26309
8561 11502
13554 16968
15412 22394
29510 15013
24113 29460
1257 14264
19166 25564
25702 16034
18136 17903
25327 20090
16517 24915
18687 545
15534 18992
10266 3891
6937 13122
14859 7173
25987 14010
11623 29711
19784 28795
16884 13906
9581 7741
17272 21044
10951 26039
17091 991
13943 4120
12515 15101
10388 16253
27182 27587
11454 15025
10635 4944
26041 26800
10870 1935
8388 20528
26357 22714
13842 15982
27930 23347
28031 27091
12271 28553
7801 13228
25493 3064
7044 3718
27565 29885
1117 16992
29973 20466
7895 28592
19106 26888
29738 11023
6557 18958
207 26763
6992 27935
20972 19448
8317 8103
19753 11151
9481 1790
18273 15026
25758 21651
22842 26615
25639 3678
2953 26189
12325 3441
6618 11196
28369 1722
28939 10776
3287 18792
12395 6134
663 22107
6264 14003
5299 29857
27380 1114
2368 20432
25440 6082
24961 28083
2155 2398
23496 21006
21 969
28147 9780
2875 27714
14844 23840
27929 25493
13388 17903
1507 20910
15094 9737
17002 26443
30175 9658
277 3390
11629 370
5079 23514
12958 19274
15561 2104
27413 19103
15805 13037
28016 21531
13059 17309
24834 4859
18894 14815
27611 15850
26765 6885
27064 25265
1494 27849
20955 5928
21274 2260
15608 25295
1034 6083
916 23009
29657 7541
21682 10254
23234 10394
24450 22168
19717 19318
12762 15824
5442 6700
17197 26730
18254 1141
29722 16328
28310 28673
11651 29143
29191 3632
11355 4511
9371 12106
25194 16129
24835 2123
3201 12681
479 17076
7787 30275
6743 26682
10385 23584
1864 12856
23061 23046
17802 467
17614 21920
940 17264
25086 4016
8904 2842
10636 18290
5255 23531
3008 19940
6257 28197
24400 23910
27731 2940
22027 4729
11965 28535
440 2129
27855 19676
13629 1939
551 21845
15197 8024
16412 28785
8507 23186
6160 24433
24564 20157
5637 23292
12734 20134
16923 24749
25602 16711
8576 28337
26649 618
26298 21026
19017 21237
4652 26195
17932 16176
14698 23820
9924 816
20432 29474
30040 10373
6106 16107
5044 16400
20516 21318
27019 6863
8074 12497
6476 14077
29035 3226
15387 28078
8779 15329
3387 22904
11729 22230
28579 2030
29433 9175
14926 16824
11640 13156
14293 22520
28585 6593
19944 25571
917 5151
29965 27137
23563 15084
12508 12283
26562 999
22472 11366
3578 11992
22601 28547
6575 27111
21201 3647
21194 10833
22936 21020
25929 29773
3184 19379
24151 2821
15692 20497
17676 20132
29442 20855
3779 2233
16837 24733
21304 14130
7334 8425
19907 4537
22751 30004
21034 8564
16746 2310
3702 22327
5978 11854
23982 25992
10569 6350
30126 13469
9869 29541
25351 15810
30405 117
13439 22240
29526 12684
12989 4835
23831 13722
11087 26305
13641 11399
1339 29280
16735 18188
19405 30142
29097 4385
19 15014
16897 21305
552 27409
24022 29422
29530 18945
15948 20858
10095 23397
18059 20842
5855 22878
17790 28339
20561 2839
18944 16985
16986 28839
4084 13606
40 13459
17979 6369
7239 6281
28755 5367
29652 9648
2491 3991
17783 8013
4352 3594
2419 7599
8903 3251
13270 17761
4030 6853
22365 3292
18972 4317
12707 17360
13588 28822
22566 8579
14531 22835
10736 12311
3695 4815
21200 6219
11342 7017
10312 15808
28442 29490
17234 5317
15249 1002
3958 12143
16179 8349
22333 11089
6908 25245
3282 17761
6572 2337
7006 4551
9228 4801
23340 3129
9494 22555
6177 2314
23121 23590
15016 26025
24314 12742
14076 3727
11255 7585
11332 10938
19866 21807
11575 17342
29971 15581
103 14706
23687 17277
26451 23033
18864 11974
18324 29701
26376 24744
10162 10620
26663 10600
21130 8918
20683 2399
15872 2110
24700 17634
13317 22793
26837 196
16115 1728
8573 12444
18315 2602
28123 557
4989 24895
11913 6772
2891 16482
16757 3541
10107 20064
11997 30168
30241 23587
12681 1672
1643 13710
16741 1418
18280 20597
30397 4881
10361 26519
19060 11688
4093 13776
24071 8408
20386 21575
10625 3554
9887 1565
9099 4509
19449 15866
25596 11693
15695 24736
6278 23769
3806 26248
7600 20254
19071 12243
24146 100
20247 21330
3519 17720
29410 27574
8481 9697
30179 3956
1659 20182
8012 28580
23693 19190
22297 14503
15460 12141
21069 15276
3833 24645
4189 11867
3024 20166
12266 8805
15790 12621
18703 4505
27300 28954
12148 23703
3315 21405
10930 4169
27727 4507
22904 22426
8608 26504
1449 15010
16965 18371
24565 13744
28156 23458
9717 21757
2265 17957
29729 30430
24511 14630
29212 29382
10109 21741
28738 18753
17246 5174
2211 22723
11865 13053
19067 8429
362 3611
28692 15631
13866 9580
18779 21250
20916 2642
26419 15685
12074 11621
1831 27755
24115 10500
10620 7712
4042 3967
889 26437
831 16139
14752 25554
6461 20582
25666 16687
5059 23332
17491 13217
22450 6489
7479 24513
30195 3434
27526 5229
12228 18362
1931 17491
4687 11
13006 28350
23041 14977
25289 23906
13419 20654
7083 24833
16367 26493
25725 19241
1803 26656
28789 22697
9250 2816
903 16859
30044 17986
1544 14606
3525 2370
12871 11828
14651 15897
24919 7017
6751 26916
29698 19002
17201 1549
11597 20469
14024 3764
8081 15426
20274 16534
11366 16835
16318 10613
19533 10450
18033 23707
5435 23020
19398 14038
20912 11920
17355 4868
12192 7696
15126 25345
24398 15388
25394 30059
29020 15459
13146 28878
4766 10237
21947 13348
23270 10627
24656 12203
23990 15577
1716 4367
11869 15756
29704 402
22618 14377
4299 4410
4457 30290
22953 561
8261 7925
21789 23624
15749 17232
8482 8379
10169 27933
18266 29186
13657 26475
10471 1893
12175 30213
24195 17710
3392 656
12284 20049
29802 4819
1153 13568
28774 5483
17307 22755
16156 16753
9185 25441
22559 15881
17767 25354
22636 22158
20546 630
21810 724
16102 17705
15596 18224
28262 18420
14401 4222
3597 1115
7778 25876
18782 11456
17951 5643
11843 11223
24182 22776
23317 4941
22727 17895
22132 11069
29438 17278
17200 29557
11871 12276
12233 26002
18477 19822
15774 16179
8376 16734
27604 27692
9661 14289
19391 10999
26280 24275
12077 10684
22825 9879
10433 19998
28146 13702
21876 7110
16758 7954
19066 28569
28889 30189
8129 11192
13567 9875
5894 9852
21726 3820
10785 12580
6932 24730
951 26495
444 8622
28688 11802
24244 20749
5498 26420
7328 7747
1874 16471
10396 5224
143 4998
24994 26548
17324 18387
24218 2821
16463 6034
26699 872
22193 28270
6426 20411
19192 24583
16048 21096
18229 22642
24191 5363
27141 29002
25178 15585
21907 22519
17526 21574
5677 3495
16387 15589
12776 18473
3507 62
18060 1422
11926 22004
11732 17873
19313 9168
13505 8797
16160 20837
537 23005
4400 12551
8937 20469
25370 30181
7745 4196
3305 27089
17655 5334
16634 11662
17523 4037
18100 14548
25957 5566
22086 1641
5798 23295
13416 23260
1260 517
1653 8569
14722 5843
25627 10946
21533 27868
20607 23121
17603 7574
28599 111
5777 11299
13360 21606
17780 14162
143 29794
19156 13351
18371 8285
9104 2668
25689 23154
21776 21274
29914 7260
3081 22775
8166 13178
3495 5052
13777 13627
1927 14063
1753 11326
645 18260
9038 14049
7802 14485
8672 13446
17934 6415
7913 16226
13569 7119
8643 16100
19330 17847
3641 14022
9205 10776
15646 15365
19185 12761
1300 5727
26024 14910
5062 13268
8965 15654
30093 16565
19293 6569
28290 10958
14047 15495
2309 1479
1500 5295
21366 21967
15796 9667
20630 11384
25299 8382
12662 23628
3474 22115
5212 23713
976 1702
3730 16433
1772 20365
14187 9712
25792 6307
103 8284
28117 5750
9850 3258
3002 23103
7902 17416
3983 9556
1851 680
12865 10009
5812 25460
22977 12857
12645 14480
29988 18821
5681 20661
11363 5256
3814 23958
26682 8558
18425 404
15703 17106
2412 24903
22380 18978
10157 82
17342 19298
28284 12080
25187 20961
19989 14505
17339 20712
13506 8377
7599 22577
5510 24658
13597 24946
28930 1794
14302 8224
10987 29806
26162 10582
30207 20117
22412 7755
2667 633
11734 16586
15545 11979
10802 8238
15691 21880
20072 4571
12918 26936
15435 27479
20459 3300
11407 28035
656 11597
28010 6351
6155 22972
27103 25552
10499 22714
13185 7080
1388 12698
3143 28310
18177 15751
16993 2744
514 28692
1764 28226
4481 13773
1151 5392
21906 18131
20512 3326
11127 28571
10640 12840
25991 30370
20020 22907
1417 26369
6932 10306
25870 23634
24779 17826
13142 6717
28039 5767
5880 18687
11453 19436
27499 28628
15010 30429
26194 4814
13474 16679
19343 7482
17674 6619
14287 16625
12445 10389
15680 25208
1600 30422
25176 13711
16460 900
15940 25579
14574 5620
4934 27180
10807 28780
20198 22027
14854 26126
20009 8401
2336 27958
4780 18091
16296 2971
28951 7023
29279 23735
13242 6029
27691 13912
248 15155
23500 9895
16524 9476
9293 25183
2079 13004
30340 13458
25020 29292
1419 15086
23234 18742
26666 29000
11372 17381
12603 19145
1985 27757
24645 3896
23545 13074
12275 37
24077 20849
3978 19472
19556 9360
15079 18314
10650 17
10011 29552
4702 13673
21772 15006
8499 14350
1054 22070
26876 15360
15125 436
12567 28115
10562 15810
15680 5385
10287 27492
30088 26913
8057 504
18547 1351
6779 17161
7769 17680
4094 16187
3347 26707
26119 9858
23326 25587
5729 14845
2431 18611
3968 4509
14457 6126
25328 19646
14051 6207
24996 12599
10237 29392
28446 18962
11709 10959
7186 20852
18946 15884
11821 25440
17141 555
19088 9736
13567 17285
27916 7666
22596 2200
8529 1996
15807 792
10258 26321
9640 30119
15548 4912
17543 28166
4942 891
17992 23244
527 3818
17730 10953
29418 25382
5201 21420
13649 25470
26179 14240
24596 15813
885 11371
7079 27658
16125 29608
27680 29145
1158 18642
23656 17648
7957 2999
13645 20089
26209 29548
24062 7615
15822 12300
14441 27188
12139 11444
11815 27361
9632 23240
16516 1183
10837 25916
7761 25641
11243 5015
25575 8854
8412 17365
20487 1356
995 24803
3114 28625
8683 14109
3251 26933
15274 29351
11710 23201
20782 19816
15109 14553
3480 7695
18984 13969
13879 986
9603 16942
24801 13159
20609 17868
16154 21020
16641 26243
20713 15605
27719 10786
7058 29548
19707 13767
29001 13223
28903 7383
27826 13594
21493 17303
16341 6843
17103 25167
29587 18840
23543 27730
30271 6470
21974 13567
16764 9037
7867 20057
22022 1563
25191 25426
2699 23114
1175 14996
14873 6089
25232 16916
11651 27388
12017 19033
28806 898
19276 5160
27215 13300
9383 9909
20730 27031
4822 16904
20717 16603
12831 8730
8328 23366
1437 10622
20796 29111
22648 22142
6564 23927
11029 3719
22852 16535
29147 25925
12617 26107
17666 29640
21815 21797
5275 23213
11671 29306
29359 22887
15187 23158
10841 17389
2051 16937
29489 13163
23544 22108
20389 28031
7293 18763
4594 23566
21994 21113
6240 16073
19365 12970
15435 16281
21775 22741
27737 22941
10905 25396
3628 22429
290 19758
20774 20203
22410 10315
27986 9587
13859 18898
16131 14745
23601 16185
25283 3871
5890 1603
19725 27400
21689 29149
6220 28430
18357 3059
20234 15511
28554 13599
28630 12993
13129 16440
24547 18127
29082 17021
19049 3620
29755 15922
5323 28047
17285 14266
16227 4464
8640 6319
6961 11573
18079 21770
3915 14331
19069 3666
13249 24251
27710 13997
19228 928
2236 15202
12164 27162
10254 25183
11611 12802
10496 587
16735 5911
26811 24767
15477 9092
28029 29572
18678 4887
13683 23441
7172 1154
29105 28550
25622 6409
16626 12682
11283 20154
5203 18394
861 16516
29981 8696
15891 21075
19052 19491
5753 5301
24236 22638
18440 6326
21489 8796
15007 29939
3157 7545
19973 25282
22659 1651
24262 26102
2261 4275
29254 29090
20627 4551
24034 3316
25033 28612
22999 2612
19967 6968
29509 18195
18365 28516
1016 9640
19086 7871
19089 6536
3591 24672
29931 28936
22778 29108
28808 21658
22786 1561
16014 15099
11013 5005
11009 3584
13703 3784
22029 989
17731 13328
18503 17290
10254 24372
6413 726
9011 4392
4854 20398
22940 12120
1855 26310
15489 1897
17531 23730
3396 872
10963 27554
13536 44
12823 18149
23338 21341
12204 8728
6997 5759
5783 2282
12002 24536
4336 27801
3818 23146
1591 23157
4310 23903
14119 18576
13460 20612
13540 2853
29315 12588
19038 12544
7022 1835
8764 22084
30123 21280
12139 26793
10599 13713
19560 8470
884 21761
15561 4339
16541 13571
17631 13872
5613 20815
7081 2656
25470 1772
25841 23590
17013 25593
12648 12812
20752 9864
21832 22568
15559 27152
22402 18429
18085 8390
12660 2833
24912 22229
28944 6421
12099 21416
15635 29494
30230 4075
29184 21859
29312 15677
6585 24347
15413 27268
20026 15339
19589 17103
5337 18030
3983 18362
11479 6541
14092 3381
22058 24817
19779 12298
16472 25045
10315 4391
256 1225
6976 21284
449 2318
17542 22607
10956 16251
30365 28693
9263 19411
22194 30134
8645 15853
7357 13342
22332 13191
18999 7455
20384 13393
29091 30189
8735 2376
27237 26502
13207 11037
4826 25848
7933 7965
22516 6627
9321 26302
23844 11834
5268 21405
261 17669
29804 4684
17410 8439
22236 26685
220 25727
26463 5061
528 27766
2391 24426
4320 27003
7555 5376
28793 23279
5907 7049
23235 26685
3785 13659
21864 8186
1635 17925
16425 17786
11032 1443
3515 17600
28812 24957
24407 10702
12549 26084
18466 10057
24988 952
19764 28065
6344 7509
11594 21006
27693 26315
2338 24237
6419 17118
4602 16887
18664 14781
1580 12967
5600 826
30270 16429
11600 13563
9733 27540
4114 24641
9100 18786
14230 30236
911 13050
12188 10960
23984 11589
18953 26048
29574 18414
3667 9830
783 16299
15393 24538
15789 1822
27517 17538
22359 29678
12406 26933
12852 17149
4372 2675
22319 18512
24626 23876
1907 6657
1392 22438
17351 2245
10872 17904
8638 647
8431 17878
22935 17621
5585 28770
4265 21065
26319 13505
19735 12547
4536 29497
26208 14035
1126 25679
16545 19387
9038 15423
22206 23393
3602 15645
19634 5825
2178 22196
536 18460
16829 9805
19701 18826
4845 6794
25587 20722
655 26104
3444 3806
16109 3122
6886 19668
19213 13033
26864 5539
22608 17955
6392 23965
15563 5519
15431 24572
24401 7725
18322 24182
27445 21446
26976 28350
8151 1053
20873 819
14452 30121
26596 17647
18006 21177
27608 2439
10368 18305
27301 28452
20948 4040
27659 23052
26196 112
24121 21543
26317 10350
2108 13305
12505 24477
27819 4582
2982 8393
22807 13657
9774 22086
13415 26510
23131 4699
2651 19739
20019 16457
11522 11372
16167 25487
19493 18365
18338 19761
27990 18192
15611 5247
26144 18700
26619 8425
13923 29778
21042 25068
2137 13880
27808 17569
3654 10756
19012 16813
28158 20367
15012 11017
14483 20879
8804 28833
16217 3450
22992 5357
23853 28412
21303 15489
21463 27774
22087 29442
4418 5100
21170 22571
6918 16528
25895 3984
9897 28954
12807 15001
12663 25137
29322 8737
25392 13737
19253 25936
16096 23033
17771 24102
25330 10248
9807 19512
19053 24323
15728 7638
28191 14584
18089 10975
17428 4526
29833 87
20194 21061
23188 1567
111 2141
17120 5207
574 26760
14341 21285
12266 27517
12333 28510
9296 4837
16185 15029
15471 6364
15990 30389
4719 5420
22514 4362
20354 24019
15403 19264
22584 4491
8472 12378
14728 1795
10466 14257
16844 27401
13446 23800
30256 16707
8322 15623
17014 26348
3331 22210
11331 4209
16005 8262
3946 7183
6869 120
25175 23316
1448 13696
11028 16878
18060 13417
8040 1696
22615 14377
6025 2098
25282 10082
4565 7735
26351 23284
28478 9024
10930 7881
4578 28241
6456 27093
5282 10449
2412 7191
11926 17607
4909 20085
13878 23353
20959 23494
10667 8142
28558 4305
17008 12646
16582 28600
25080 28424
20720 21030
18212 27687
13149 29178
10022 25317
2786 11662
5678 19711
20413 3329
24567 1282
6462 25083
14362 17602
11644 11484
10817 21907
23043 7792
22933 19412
29027 20063
18841 3630
8492 12877
26794 5275
29784 11842
22078 23467
22191 20252
24170 28626
18979 6741
616 11955
29406 8174
9384 2659
22494 29121
13425 23698
17859 7424
2733 25509
6726 19123
3321 1960
21791 342
23495 21782
9851 13148
9199 11731
19405 13099
3930 12960
8583 16956
27425 27034
799 6016
13344 30127
25647 17703
21907 29419
8505 17534
10639 24692
29421 12691
2149 19755
14501 20692
14315 2115
10227 22574
29771 10102
6255 6319
2670 19977
231 21095
9781 18133
5458 23605
19042 3764
27770 22006
13505 17708
13408 24331
29866 10682
25509 135
28933 27585
5860 15054
2255 18223
18706 22102
27282 18023
21135 1884
16031 3869
19321 816
19 26468
20252 15176
11859 14831
6050 14323
3217 11102
12007 4695
2484 4284
10062 606
29184 24113
4309 13255
15159 17192
10617 23935
4646 17820
20471 16490
2067 28137
13077 8337
11345 15890
23897 14354
16671 30161
1717 16422
17118 20491
4613 24073
30091 5367
7022 29550
14361 18074
11714 27526
9602 10311
4111 17657
24805 19647
25880 25092
19262 1181
12283 30180
20290 16811
15474 15625
26642 11482
3034 29713
16336 7063
15750 10152
9122 26025
7671 17650
5887 287
11772 14308
17177 871
2712 11073
7158 22883
25487 10316
10004 20156
20164 14313
24548 23385
25492 26967
15359 11209
1682 17110
11883 22096
11836 12885
22406 16774
8240 22507
18857 30219
3508 30044
29933 24244
12959 11740
26243 14543
29999 1581
1406 10281
24788 13110
18328 27790
12087 15219
30316 28524
19354 18668
11079 3038
6518 25746
20576 18805
5802 12893
5503 10090
23350 13204
2500 18032
21576 4480
16104 5916
25307 7266
4957 16290
14773 2143
21457 6459
26792 8968
25272 12942
22026 27092
3857 11603
16379 25654
17247 16412
20779 6024
14163 10790
13449 326
22505 27277
23282 12099
25540 18753
23003 6171
5161 20277
23930 18425
21559 18297
2205 5350
9632 17685
10722 151
27356 10802
12894 17745
18502 17555
7017 27953
5000 19171
7096 19445
15263 14663
8096 6185
6053 18515
17907 11135
24790 4519
9314 28596
24916 5986
18664 11800
21938 3743
14115 10138
8346 22862
15886 21683
21506 16299
14047 14406
5756 809
2779 8437
16890 13838
7134 18075
9834 17729
24926 19881
22920 2146
27970 20200
3053 15026
29227 5429
12327 1969
902 16145
16517 5874
19010 25822
8778 20043
28340 18187
5575 29037
7227 22461
8343 4854
29973 20663
17305 25229
18431 11152
27274 7378
22670 2328
28224 29823
30385 18424
23468 6060
2661 3448
4871 23229
16484 10268
5421 28844
5840 20221
28802 21235
10358 12691
23954 28913
24774 26166
22659 5152
11573 14313
7621 3207
24351 3047
16489 19717
19938 16045
1104 4267
9683 16506
27887 5212
7341 15964
7512 10101
25322 12982
14973 4619
21841 6896
14847 8345
11459 20529
16393 13016
22338 9122
16754 22060
3123 5668
30057 26242
10955 11265
26952 14789
27976 28509
11615 5796
29764 23257
15164 29052
5823 3192
15758 16951
15670 12102
23727 23988
8170 16032
26936 6938
28202 16433
14552 3341
7567 20726
7416 17091
6529 643
15252 3567
13719 7589
25989 21126
1176 7188
29691 16065
16684 2175
19493 30341
29336 6371
15030 1642
27616 25156
23930 10957
7087 16318
28883 28618
2156 26147
8224 15018
22266 21045
19704 15131
12971 27890
7397 19093
9533 12710
1083 12663
1593 8710
3699 27589
24703 21003
20390 19337
7430 21198
9513 13526
19208 18517
13425 17717
14780 11168
22878 22420
18708 7128
21109 27156
22927 23941
22348 22848
29310 6501
7379 1326
27040 3493
15958 13530
19656 13862
1377 15102
20961 20735
30235 2208
15898 7654
8335 8289
12318 24092
2249 24537
20260 14779
5947 10894
20531 616
4456 13838
1622 9861
3994 19445
1575 27144
399 24648
14607 25316
13612 10059
21652 19079
946 24348
13513 19723
16576 8209
12677 29567
10894 3429
21150 26140
4108 7724
9213 20288
5339 10496
18656 23175
26072 8630
1218 27877
4539 11027
22876 19047
11305 4324
15465 10653
14000 7270
18589 8216
10002 25440
23917 10068
24330 12632
25553 9460
29471 3468
9923 19663
10767 6326
24083 21858
25891 17103
6411 24896
13512 4119
6844 26257
23984 8549
28840 17948
6364 15780
752 2646
23974 14074
16548 10515
8521 27897
24228 20051
9822 19966
23566 29550
2693 17786
16917 14633
18118 15540
29685 8544
18383 7754
1508 26920
6490 28502
27425 25176
17152 14994
9359 15665
20272 26220
18853 19665
14400 20724
13310 13576
8914 17451
8319 14046
14763 245
8546 24178
6983 14040
15526 9618
4951 15994
4676 14400
2362 6084
28529 29169
28398 21526
21438 11934
11985 176
27150 3383
8777 17672
27789 12942
21591 4422
17341 20160
22973 14815
2708 3007
25965 5862
23145 29292
4403 29846
1414 2642
29883 4871
6169 1941
26215 8027
19741 9138
1136 23260
24679 5478
29390 27047
11632 182
4597 17989
7547 15519
12115 19973
12905 11613
11098 401
668 1836
6435 15439
20738 28285
21962 24352
1287 29241
9529 25878
724 19481
17016 2182
13593 22848
9536 6450
6690 24841
12045 30225
2617 8943
10522 838
9962 20278
7257 12437
25571 25246
17937 9734
16110 9724
24510 25919
7731 17262
17689 2425
23923 17810
157 19610
25965 3519
29306 21344
25373 26646
16359 28160
7285 9135
7322 19276
8686 22459
5882 16530
23436 27217
18716 30097
22429 28344
2995 24276
28088 21269
7615 12324
15684 3471
5931 12465
12741 9929
28542 849
22596 26091
16754 9240
19429 16088
24752 27278
2743 29947
2434 27445
3080 24118
4033 23912
22331 985
25643 14924
1955 28398
18379 20041
4194 446
9615 25856
30389 28665
14642 18244
13019 9335
27295 15629
25991 23705
21874 13315
10262 22825
24173 5187
21217 4668
13306 6099
16525 22152
1018 27382
8086 2785
24250 22346
14418 29231
26268 11069
14615 7505
28071 2759
23854 5887
23770 11913
5326 7476
25248 16225
2744 8794
22056 20009
14811 17365
18518 18425
28253 12214
9034 20097
20433 8837
2413 12190
16737 18319
10304 26133
27522 11270
21876 28194
16467 10357
5110 3193
26820 27675
8208 9808
14547 14025
26739 27074
11791 26487
5182 18198
27642 29082
23142 838
30426 4553
8207 24938
17240 23291
23624 24526
24620 11158
6496 18521
14238 2371
23691 14304
28987 4166
7546 27623
2740 473
16684 2995
2568 10469
22126 25422
20895 26302
11789 8911
25472 24555
29893 3130
29084 20087
13843 21152
17586 16697
11436 26423
13758 5596
1012 19141
6038 20176
18315 21663
23082 20004
29475 16060
257 4712
12819 14305
5418 21388
21905 2023
19886 13177
591 3195
5531 17995
7902 17373
12273 2535
15610 26525
12084 14805
2751 4068
21191 29193
4460 7421
10820 22896
24310 6753
10918 18640
12058 20249
22539 22183
11416 4886
28483 6779
8562 19595
23970 21860
13727 10289
21732 17642
1268 4559
11083 12022
26649 18312
2000 258
3993 26221
20654 3735
21577 2053
27075 15416
19290 29986
24447 1808
26106 27888
16108 7467
7052 16263
11017 4827
7216 13022
21905 3531
2464 5677
21878 17538
20586 26044
13315 24787
8679 5044
19839 30158
14786 24813
2768 24058
1385 14923
3437 15317
20861 28103
1709 28541
17401 19529
7651 22282
7349 18996
24224 10400
1819 7163
9110 16782
26386 19249
12371 12489
7137 21942
23680 15183
4270 25045
17055 7338
8339 17919
29738 343
21830 961
11299 11434
23908 1016
15355 13608
26539 18687
23231 14736
10925 14381
4899 22586
11867 8302
26363 27198
11881 8520
24720 18724
6519 18003
13974 551
3442 13594
11348 24375
12158 6833
24351 9828
12026 27501
16143 22834
28894 23321
1333 26930
27299 5249
16853 24718
23933 17971
25089 12036
16562 10070
3557 12473
10400 26016
29389 21959
29674 8049
6465 12657
4673 14433
3183 5759
7876 11100
20986 8046
14025 18876
7990 20852
17102 28436
6170 8612
2906 26116
25922 9889
17364 21438
8821 8881
3364 12307
19682 29203
19080 27881
22035 14843
21205 23953
2864 7132
20244 7992
30429 3645
8731 5857
24296 7125
16239 23899
5539 28000
16664 25496
21359 13009
2518 15246
19671 29666
25619 21390
18121 25638
18255 19332
9618 6432
25870 20722
23538 25150
8156 12489
4528 20549
27792 21196
27235 4853
18136 22563
17030 20166
11536 28233
29252 17800
21575 2936
25080 16066
6466 10872
7137 10356
12438 18220
29562 4801
15978 18875
1760 19846
3606 165
22787 18418
740 21728
30021 27564
28421 20788
26049 1130
9039 26689
28593 1699
15789 533
28841 8153
10871 27668
17665 17286
28648 9433
22456 16692
22441 29016
25582 22089
23548 13367
22237 15173
3327 26158
319 28903
532 73
21013 30119
29350 4362
22787 17617
20456 7242
9920 17715
2591 15692
7242 2433
2579 23283
14825 2781
29502 27421
8865 23212
4236 15682
13339 26212
7109 2860
17880 2261
5151 23069
773 29385
12014 28712
24600 20490
15816 24986
11748 18380
25496 23278
4161 2816
223 2222
22014 2818
11476 23390
14850 22543
24872 307
1707 17318
8363 14375
4617 714
21715 9873
21363 18929
26694 29292
9015 19273
9463 458
17234 15245
30296 11614
9577 26192
28181 14332
18843 3279
24159 12005
3359 154
22401 11581
19283 25682
1479 22199
27951 6959
20790 24684
17452 24092
25405 25023
21097 7784
10842 25285
27056 2861
27153 11374
9377 2870
10824 12174
29083 2207
9082 193
22921 11560
5169 12448
11482 9339
2371 26524
24163 17800
3675 26177
18027 30363
4510 6621
9368 5552
27836 17932
4381 11882
9877 8525
18364 14282
18488 12647
8662 10589
16069 28422
24116 26164
12196 23634
2137 8558
8174 16193
8441 21326
26297 15636
14142 30339
4022 50
30332 14930
28751 29599
792 28790
22089 11077
24847 16352
8807 28646
29668 15693
6654 8390
10764 18835
29387 25770
16993 20250
23058 13532
27102 27098
7316 22413
20551 29858
29034 2901
27954 30217
8300 3722
21178 14094
17719 27753
22672 1515
10353 9998
19546 14301
25278 25513
411 10489
14706 6302
26010 29664
24514 13900
22733 2955
15031 6315
602 18413
4505 27300
22003 26296
21106 15260
6643 25920
15043 1690
8922 22164
1704 22915
11758 27594
15089 8169
17986 7781
29095 4253
23676 18055
9294 30127
3282 27717
18794 14267
24047 25938
3663 1742
23786 3821
16419 10562
14756 19066
21511 25576
22859 26544
19586 1294
8655 3071
13666 29021
16152 8056
2164 23412
8193 25461
18733 18117
2754 4171
7319 3380
21553 13973
26055 8092
13123 26295
17288 4363
23569 26749
2545 22326
10934 16197
9889 19511
24661 9391
2641 6661
7287 18641
24787 8879
24792 497
6779 1192
22295 10097
9679 1175
27329 23490
8731 17226
25580 21490
11754 13523
480 5228
21192 8465
5237 28639
29987 24943
15831 6550
19539 9653
26255 9605
30067 27233
2304 1580
28016 25774
8073 21345
24870 18359
26009 12292
18852 26338
13707 6180
9525 24557
15966 15773
7929 10643
26342 26624
29128 24709
20897 5133
19303 29342
27182 9210
26790 12922
18972 5555
13752 7516
13232 12952
17438 30430
14300 5221
29635 10736
14462 27505
16666 14704
2288 5297
16733 18077
25820 17315
26289 4718
14435 2412
27324 24000
14313 9489
7639 24723
9679 25344
584 20102
17062 23662
25588 21381
7221 12777
15372 20131
1228 21285
21526 8012
14199 4415
20351 2070
17642 19145
17793 25516
15914 7023
29934 8213
3137 6791
26157 3646
4310 2596
2885 6987
6461 23249
7583 20656
22647 12929
21561 14571
18641 16737
26934 12472
24795 27676
17631 10673
13436 19666
26963 3737
15605 20835
3745 25109
23990 6069
17435 10162
16603 1178
16245 22927
10635 30311
4720 9433
20233 18392
11022 4567
14907 6808
12761 5942
17764 16399
22559 18947
15192 19401
24991 17019
26984 9189
19973 10480
27539 22587
24140 22600
12838 20577
20211 13800
15723 17954
27369 4394
18646 14538
8332 22619
21481 20671
26022 7697
1274 6760
15349 15283
10824 8796
21681 16018
18913 16366
5485 7637
10119 19180
10359 17368
13866 23367
506 3716
17421 3956
23989 4310
5248 22090
18786 19602
13736 20897
6990 6920
12907 21757
17211 3564
8524 23650
21529 26581
22949 29039
19319 29014
2423 20544
22455 8363
17534 5277
19844 18597
23095 20640
17578 6048
4170 14219
15473 835
4793 20640
23640 29825
1463 11299
14208 9674
9884 28997
1597 20244
1739 8550
14283 26609
5747 23877
5948 24374
6774 6025
19356 28766
18153 28456
5533 5051
20777 6613
938 27370
844 25925
22040 5798
26776 1371
20241 23697
18202 16091
3726 20848
25348 3010
27405 24074
3790 19536
29045 10445
27437 17638
6913 14693
4180 20086
3301 8177
19374 11668
20509 1000
1207 21165
4109 18368
13454 17205
12408 20348
17388 224
23442 10388
12488 26660
1596 3739
6265 29439
11094 9604
7584 9695
30055 11950
8187 16899
14537 16832
15962 21147
15879 16673
4612 14953
27687 14512
29647 25821
13889 6331
3775 4755
23720 21853
15926 24500
28166 19705
20527 27577
19918 4656
18980 28297
5103 15905
24728 3152
7863 17858
10975 13588
7743 17233
29628 14740
12323 26972
8961 26962
28605 19026
14148 15206
3071 21720
6158 3592
22634 24096
9551 21134
4666 15659
6705 18800
15514 5552
22846 18691
20418 25203
7426 12073
28609 18577
24690 13054
26754 4662
16390 19918
24777 17813
28245 13143
7148 14258
29521 10545
22821 24526
11704 9695
19312 16408
27328 1887
15403 2787
6347 14940
28489 25651
25084 13520
14306 22249
12024 6828
9610 15937
9191 15836
22965 20093
15262 29614
4019 20328
15449 6391
12322 4095
6605 28914
17473 6773
10833 7371
9577 1879
15668 26328
5894 2749
10097 3536
3965 15867
20946 21097
26108 24779
17176 16143
19251 10767
7887 12576
14884 21423
12299 3425
24300 6217
15126 8154
21743 3900
3434 30408
5037 27009
16798 20625
8851 9898
22605 5896
27836 7126
645 29961
21623 6545
8694 7153
24519 12237
3575 2920
10723 2052
10006 3514
22552 4273
11610 7111
1457 16154
21466 26797
16925 15481
3752 10101
18547 2226
1482 10855
22928 23852
22192 28963
6339 24597
12764 7567
21424 16617
23564 14921
25856 26401
28390 21593
12254 7179
9182 17235
26858 1868
3572 3826
23191 164
6288 23181
20799 8759
12473 21146
5149 27936
19040 13611
24479 20850
16663 5031
13929 11200
16829 13998
29803 11334
24679 3501
1680 10545
4429 10086
12682 19133
2226 27209
5628 1345
14982 19118
6323 16536
18912 23827
20166 14481
26635 13355
21690 25544
2084 25044
25145 418
28874 371
13388 3686
6846 1016
21261 18417
1671 11111
24132 25934
7970 9703
731 26652
7363 27000
21901 15789
13394 19992
5503 22738
20772 8615
15558 21519
29840 5661
3371 5686
19328 2057
24470 12320
16642 8396
22036 19485
9909 13443
14746 17386
12011 3988
11681 8912
25537 26204
11385 8188
11381 17594
23428 21053
19650 5677
9902 1100
18536 737
10471 19265
468 4806
7839 26327
10942 27619
6257 1620
24655 4780
20496 5957
2001 7926
26315 3582
24763 9171
1929 1053
2358 25974
28342 15173
27643 19607
10165 27207
14396 26201
30155 27189
13858 27002
14685 13287
16754 27545
8958 8288
1726 8709
15875 13427
27339 23098
6233 19142
26710 30153
22154 17634
1130 19145
25350 882
8766 18873
17921 16874
23063 23117
28519 12137
26680 8123
25552 4567
4904 14146
23237 23050
18007 26972
22399 20605
27147 19323
27250 16487
3058 10263
19959 9930
24593 2030
4268 25826
8914 751
18914 1366
5846 18934
3922 14487
1182 29899
5814 25871
11745 19014
18835 21828
7131 16340
29469 25373
30276 15059
2552 13444
22086 28811
19132 11632
28185 15722
24592 26686
25690 4888
24852 20791
25741 13454
13659 3691
17517 22158
29196 17305
13689 16001
28895 6364
5221 15453
11349 18899
15745 3714
16730 7944
9207 26381
19489 27496
4207 23141
9825 13503
12877 17616
7495 24807
22985 21075
9346 26807
910 11241
14147 17342
29211 23325
5512 26947
5067 4235
17801 14386
21246 14879
957 12849
27279 16376
23835 10249
18321 27398
21264 21001
11508 9303
40 15197
27298 29121
19281 28040
11418 6957
11412 27410
1962 26792
11680 18196
28802 1430
14831 29421
27219 14704
23029 5316
28176 22823
23301 17694
15762 1397
16105 4919
5733 14998
25303 28434
22929 17642
10259 17152
5322 14289
2467 4190
19873 17199
5280 24025
27576 15630
22258 5794
21033 8904
28674 19664
3893 22633
23911 10591
9551 3419
25670 11900
3321 19473
9888 17263
11291 21279
10255 29041
4313 29776
14846 9954
7323 28066
17524 23838
5858 2366
18397 11045
16353 20659
29969 2132
24633 18031
8416 24078
568 24474
28721 29268
28474 8025
13116 19989
9001 11212
7158 17707
4280 21887
27438 23573
11710 27788
28357 4555
15224 6596
20847 2355
19759 8735
8192 15588
20738 1819
11731 15610
23931 10762
14964 24495
10230 17817
22881 10676
8850 11285
12068 13989
14537 13776
3271 19192
2627 18472
11323 15339
27449 11910
2829 21128
13072 11160
24637 9295
28281 6846
1452 15725
13207 23819
6097 25706
19303 10858
26286 3628
19079 24779
13052 5016
11098 21755
30162 29853
16149 23180
11061 24664
18857 2370
9500 448
30374 23492
2107 4673
13755 25288
28328 15157
11535 26819
20693 29005
8416 15506
8302 26988
16154 26574
22503 14317
6413 5643
20721 18631
16554 28302
27066 26532
26626 5486
4485 10464
25033 14484
16234 1830
27481 17254
6569 25844
23462 12356
29280 16722
9107 27124
28511 29819
4652 10889
26663 10317
7213 10281
12192 23391
21050 14651
8928 20179
21081 12243
21933 27066
12250 25764
12339 22916
11188 3922
11480 20569
11889 19686
8136 24571
7323 15591
573 8737
24930 26645
17584 19214
12011 23153
7064 5356
10851 24653
3656 14303
25460 4070
19857 24029
14295 1582
13274 17803
2458 25545
15034 27174
16126 6395
25114 21265
23188 23530
6362 6394
12658 3230
29706 22207
22690 1157
2007 16004
23119 11649
14172 16277
7104 8007
18970 10388
23522 5153
14587 3158
10167 23453
8432 24381
11920 7010
7965 4903
8140 20552
18966 25661
2582 29335
29149 21456
7803 15841
9371 23674
13726 14558
20015 11960
29386 3111
3614 3273
27966 15419
26826 9130
21001 8764
6574 15932
25545 9358
21942 8427
24984 12478
16557 5311
24225 8153
4165 29422
5400 4244
18060 307
4772 1521
23200 4831
1662 10063
18004 3356
7156 11282
6536 5450
3032 7539
17376 15014
19172 23889
13529 4019
7350 13017
12203 28806
19889 18161
27619 2020
18215 29632
20119 24411
5657 17076
23598 29158
17698 18109
24463 8708
10717 2149
522 17896
10128 24402
29600 3697
10891 24998
26405 16774
23308 21521
25045 3630
29544 13764
23261 2603
11370 18970
16079 15505
1593 427
29094 24619
24232 6554
4969 526
18094 25934
19399 15810
9153 19990
9160 10182
7155 16102
14043 9557
24769 25058
24065 10092
27919 8940
14459 4857
20744 4412
11587 13649
10951 30254
30167 21696
7371 16414
27850 27426
19966 7036
15239 488
24765 20352
10676 4101
9531 11105
17902 9413
9021 17689
5568 16346
20521 8315
7679 12024
15819 18074
20689 12512
11161 1685
27932 28343
13932 25924
20649 374
27908 7455
9627 29598
19786 7302
8839 15090
21134 10110
25765 11334
2998 17165
11639 17224
24999 12326
13946 24392
16422 2160
7835 13805
19059 8011
12132 13303
26804 22631
10069 17473
23380 10031
14959 8189
27761 23913
941 16578
17927 20146
23153 10203
8963 29453
1559 17501
12256 321
3024 5955
4356 4011
9627 5938
28127 28890
19390 22075
1903 8800
13789 13949
28407 7662
13574 19356
19542 3722
9161 9681
13799 29280
4324 24189
6728 4177
27730 12051
12276 22838
9770 790
27754 26005
29756 7553
23317 9180
28603 4861
23422 19113
11754 1689
23940 19803
26629 11850
19233 17044
8850 19317
14094 24456
11101 2717
4279 16955
25433 9322
15299 25861
30187 19872
8761 12445
1252 23611
13827 13657
12686 6002
5589 11431
27300 30021
11842 18623
11335 28123
1314 18859
10261 15029
24922 15965
16075 19884
28437 16445
28602 25876
11302 22894
15632 30150
1222 27223
13142 25055
18490 29408
13303 19250
11963 10932
13767 21709
9803 8063
15600 4153
478 26678
9344 3432
21546 19518
18758 6993
25553 8434
17859 14855
26148 1724
9269 2658
28670 1803
9119 21905
22558 4109
13124 23985
25718 11784
21023 4282
13294 16184
16759 25516
14026 25620
21946 26183
26780 11307
10643 22626
2922 1512
22040 22017
1871 25951
3734 11736
25435 21846
3252 11370
22172 7985
2522 4639
15985 8846
10677 2887
14472 27242
22584 19887
25945 18293
22216 26503
25514 19079
9887 10154
4290 14964
6745 477
10982 17562
29008 23057
11691 19334
14033 10050
19913 11711
8490 18988
29638 5067
25498 6809
27822 30415
7177 13031
28681 14027
28619 4930
15872 16986
6039 3899
9531 2223
1667 25489
6476 29658
6188 5328
4581 281
8673 700
8552 18956
3892 13170
14591 29383
21194 3619
26839 12016
28560 14443
20407 28883
8329 5837
21434 16274
23376 17002
150 8696
21002 25580
684 19761
22777 634
19737 20403
4269 1866
4447 27759
29063 1917
3796 25685
24429 11108
26824 11624
21509 19500
15777 691
28413 25690
16333 16060
994 5333
12633 12565
10763 2067
16811 22753
9146 25791
26310 18369
19799 570
26802 27814
7200 3690
26372 21590
12921 6805
4567 20252
15947 1762
2068 2038
3509 17220
13630 808
7104 2749
30273 28077
21155 28333
11413 10606
24480 8727
8136 25217
11174 8463
17041 25025
17885 23616
26181 511
1450 30127
9364 4094
21659 3833
10606 8497
574 6846
8641 12240
26379 6798
25444 7972
13880 10960
25444 15370
6297 6735
14360 9256
10240 15280
14439 27932
3322 4076
23712 10552
9499 16785
15678 20556
23098 6125
17127 28057
6976 8998
29892 9966
9229 24331
15917 10007
30340 847
29593 194
2186 28329
19679 28678
25300 24862
2819 16432
1860 9135
2992 27022
15665 22305
21321 22261
7950 11094
16826 30142
10146 16584
9264 9384
14866 2999
129 19542
18392 2272
1755 8241
7790 10060
4237 26773
393 2079
19643 6558
25044 21786
28263 12099
23472 29748
20071 2477
22365 11723
12871 20427
25484 22508
2109 8538
15936 18391
25566 19836
18532 25869
30279 23126
16859 29500
19041 12216
8169 10731
13861 11545
26398 15250
854 8910
18690 7483
16198 451
7258 25997
16799 20686
2195 4456
25122 14554
23111 4180
21816 14757
18111 17816
23833 28206
25675 18990
27402 17225
2942 3397
11198 27858
5247 19811
2807 11352
7188 10711
8701 9621
24435 1788
29591 28339
24973 24241
12914 2569
6691 29927
15477 11728
3270 17564
10004 23172
29163 20589
27159 119
19818 3452
17697 11950
5360 1630
8190 7423
8190 4008
12865 24053
17244 30197
14490 3654
17970 22784
23083 19524
17634 25934
13020 26786
16952 10120
29817 6538
1935 29006
18149 13327
2194 14683
8779 4983
1299 3637
15783 4154
14502 3656
11449 14934
30005 14988
27313 9353
20042 24528
21916 17374
29231 19040
10897 11154
23221 24564
24418 10916
22085 16068
28291 7121
14609 5637
18181 25875
18922 10089
2275 6965
23162 18236
9535 8269
29074 14351
18691 24528
103 5563
7736 5284
23079 9602
11432 1742
10669 9230
25152 25700
19989 209
26835 8036
4447 519
10410 18659
28147 10866
4794 2627
10538 16405
27221 24632
14494 20232
3660 27670
6282 14165
29751 13219
23378 22274
25745 23746
28948 23783
4055 22311
25199 19016
28607 16577
17801 5811
25856 27615
8850 16189
28075 19737
6756 2689
22788 13342
11925 19010
26862 4567
10580 22214
26573 23704
824 19537
23873 23813
24510 28187
28918 11417
5317 21380
22222 5970
23165 7442
13826 2236
3702 20027
11631 887
10504 10969
29238 14439
27927 28637
27762 16187
6685 4183
30192 25607
29207 29382
8803 12879
7004 17325
28769 4889
29233 15985
12633 6887
19235 15238
3082 23652
29813 8848
8063 4808
27822 7539
9513 24673
7479 10698
11801 7845
12400 13592
458 7648
5299 16148
18297 10136
7090 30363
8968 22310
11058 11324
14976 8789
10249 1097
13237 16644
3264 30280
23770 15869
17372 9746
20718 11961
9465 28256
10839 2839
3127 406
15037 22355
17962 18859
5803 18024
11837 23100
5347 6838
3039 12107
11718 406
13761 15803
1403 9270
20702 19373
28628 20944
11990 16821
21230 25877
16766 22324
3069 9457
28643 7604
6819 23608
28169 28690
7159 19619
24873 10905
2830 10375
19217 11075
26973 8697
4219 1298
23575 30329
30320 17182
6298 4425
22802 26606
7594 3968
6831 16305
15844 9070
16971 24600
16150 12176
17691 30401
4377 3271
5329 25790
28986 20431
5046 16570
470 28051
2285 15776
15002 4177
26630 2243
3353 14903
9852 513
1744 5010
1669 5681
6674 2663
23635 2918
20196 19223
16516 18792
24503 20063
24456 23096
9381 1728
11648 11718
2693 18198
15976 19486
3196 18862
13446 30378
17326 10558
26330 11192
15488 20307
19400 7666
13659 26159
29356 28515
3949 2970
18871 22618
9069 27075
24726 11321
7709 19138
10234 14278
16827 8470
7134 6964
20613 11870
2616 22404
12021 8963
3363 15436
19573 28427
21158 7456
2007 3508
3091 11954
13283 28783
16765 635
14807 7652
7023 25470
21605 10377
17810 6340
17786 30254
13843 30002
2207 17459
28880 26344
25763 27787
3202 2956
10734 7855
7162 24735
9828 5395
18037 17857
25912 4765
21713 1175
25748 12373
13539 6798
11704 25682
185 28766
10009 26061
30151 29664
21712 3328
13801 30145
3360 9357
11000 26193
29026 13572
9593 13801
8155 18083
1599 13992
4551 20277
22547 15511
4311 6807
2134 22840
18671 16736
25683 854
6934 29440
10025 7466
6486 19139
9621 3103
1921 26307
5971 27032
14174 20683
12211 13820
4205 16961
10339 11164
17311 10724
29469 21193
23249 26941
18770 17157
1961 27450
29472 19703
8014 28676
8384 7474
16870 19082
28390 28621
27408 8034
3797 28955
12104 15444
2789 7274
9206 15663
3039 9138
7098 17688
8296 17327
26709 15991
8269 26664
13192 2844
23365 25951
9710 11021
22749 20127
3271 19591
10097 14389
6763 29500
23621 15775
19052 15998
18412 25593
10053 26838
20310 787
24804 10770
27586 7263
10424 24900
16174 4423
2803 9661
9801 5924
17749 22669
5495 14123
19218 14354
2652 23460
11050 19362
5758 14769
3631 11360
2457 19416
2425 5720
3967 29649
19913 13012
21300 13328
71 29734
19931 16194
441 25258
2341 7408
3531 17202
23996 27517
25180 25733
7324 28664
19671 15998
19308 27637
19781 29947
4207 2421
1726 25416
16133 2137
21470 24159
15833 28525
16076 9687
6075 15155
14429 21640
17622 30251
10802 19658
24491 27558
13958 9323
15051 3642
13761 22620
20057 19152
12032 29006
27763 16324
12735 24295
27195 13774
3605 7693
7366 7326
2765 25091
7276 28986
14532 6912
3882 10706
26020 26730
4738 30146
12903 19465
3726 30066
4393 1304
1628 2843
22162 4142
4965 7051
10314 27082
17513 3912
30109 24350
14294 16886
18177 9512
10725 12726
18980 20348
12271 11588
187 15337
8595 10059
28518 16945
11517 13178
14700 25252
19836 27254
12178 6703
28353 27072
3726 16443
696 16696
21618 12934
4679 4047
1976 14421
13298 8117
22533 1533
4305 2039
25927 24221
22825 14236
6473 1007
4026 2930
4998 3459
7576 10655
17612 16752
20358 9564
2880 4115
18479 3441
23999 22336
18911 1006
25543 2800
17883 18332
16529 1812
21226 25119
28087 24669
8630 29508
16292 27651
12780 8713
1921 20730
15822 28596
20540 4466
10923 6506
2595 8978
13342 4541
23363 21187
670 2588
511 8334
6611 3369
19265 10141
16873 11286
15037 18577
19192 18911
26594 16042
21925 7778
11669 12522
18764 15918
9978 27056
25859 15196
1095 26906
1597 19565
27267 13140
7175 8860
14915 20202
22514 29911
6638 3615
23345 11144
20928 10109
16293 5725
29893 2266
8981 468
22829 17170
9072 30088
22930 19694
7011 16769
25665 1298
9017 23858
28448 5852
1120 12754
23706 16920
29724 12464
21024 2233
17541 15952
2422 29957
27890 4930
3801 12452
7872 9580
15239 22751
17626 8708
7552 1881
15575 13068
21463 6752
25369 10292
11368 882
21124 6255
373 2541
21399 9977
28660 26994
22659 11863
28706 7310
24757 20040
13112 23062
10477 2175
26355 29519
15821 25151
29367 13678
16299 28569
16106 21323
6859 830
17101 6184
26523 6939
29379 14613
18687 13568
12404 18571
6987 1636
28087 27655
1744 22208
4782 23808
28619 25970
20362 9348
3938 531
3157 20283
23860 263
13001 22699
22556 16081
29821 30349
9288 17962
28154 5066
16066 17967
25246 21661
6548 18675
761 19658
7028 137
20608 18887
12513 7940
24881 28456
12087 12370
22959 6909
14350 21548
27113 14191
26701 11749
14390 22462
8494 28118
17130 4957
25288 6199
17650 1501
7939 923
1861 16895
3328 22209
24338 9661
15341 6463
29119 22890
8693 30229
1252 5554
15247 28550
29325 11205
9713 17300
15477 28409
15912 26320
24636 13482
10846 13465
4998 20598
274 20448
26867 25208
26628 5906
25367 28852
16843 8442
1105 14110
5841 28941
20008 9273
29443 1652
4153 16894
1554 12404
10845 11587
29926 7253
15546 727
7096 17002
25384 4154
4434 5491
15524 19453
24138 30028
10330 28924
778 12443
7641 2149
7104 13505
1885 9569
24069 19613
17509 785
325 27862
10051 23873
8450 5085
17385 512
29982 18810
20660 26922
11133 9382
1337 25314
13746 16196
18754 27394
10531 9216
25223 15235
27915 18595
24955 27772
5666 7268
463 17086
2820 786
28293 13267
2862 25719
20705 14755
9086 19001
20657 47
16842 28009
1511 1919
17112 25080
13725 12972
2560 9843
16262 3054
11556 21202
27062 6264
553 8807
11087 2127
1474 8610
3935 3200
25354 5725
14659 28695
4662 3017
825 5961
3995 16027
30289 1100
14549 8792
19304 17367
6959 17885
15133 25439
12998 20212
22266 6474
24402 25440
14079 14469
10853 4417
25428 28972
8235 5121
26347 15416
25429 15556
27463 16017
28266 23670
10489 15461
3961 23590
25794 10838
27933 13381
26369 3647
20319 26702
28099 26762
27924 20858
10411 15134
8603 30218
19882 9957
14790 18010
29285 2468
1964 7871
19489 19705
25318 11842
1154 23887
6534 20578
16469 29365
29379 23630
15715 21612
26951 8953
8051 19889
16373 18605
28807 20833
21401 1252
28080 11460
6219 19947
22900 16483
11402 23160
21248 5920
9929 19176
8337 18038
6968 5548
1538 28806
28595 12924
24949 6488
12503 19363
1236 6410
10877 11588
24350 8114
8034 8548
20935 7333
15781 18384
6679 20592
29543 18585
23052 15760
10532 9446
7229 4858
4434 29095
24165 3566
6346 16123
28686 13813
28948 6623
17988 19349
881 16168
17601 15329
2504 20043
20544 19500
4686 10145
18574 7042
28360 13696
28092 27130
3720 19288
9244 6184
13726 20327
21210 5716
19431 10770
27121 20443
722 28003
22594 26420
19730 19358
2675 12265
21360 20445
19648 15378
25126 13516
19748 1407
6451 6384
5448 5396
8453 10431
21008 2954
15631 25584
18599 25775
25940 27996
2840 22047
13165 18567
2075 8860
24088 12368
29130 1377
27798 2750
1680 8118
23096 4601
22499 27561
163 29102
20757 2708
22627 19513
29726 22553
5740 6025
22927 28367
15740 8674
7522 24540
18854 26734
5181 17171
1010 23903
2941 27485
29483 865
5343 29118
9542 6511
26735 14761
22721 4001
20510 2442
9736 19372
28006 30152
1503 22750
1900 3960
2634 2743
6754 20872
22869 8650
27780 20158
27598 19149
17777 1126
18847 6574
16353 11936
23957 24200
13084 6242
12318 15783
12410 23322
6575 22883
24488 24524
29980 25435
3666 7110
27604 29418
16341 23904
19747 286
23005 7664
13791 9252
2283 10551
21757 29772
98 23475
4327 17325
18690 23188
11687 21174
29720 17118
21936 2177
5740 16715
10131 21280
2852 6138
27455 29816
29610 16110
23619 7695
2261 20964
4026 21576
5380 14956
26696 27046
25753 20386
10249 3155
19014 12230
20589 18120
21090 821
19411 29130
9408 12898
27965 23113
4236 2832
22216 627
9278 23728
7662 27888
25448 13488
14861 241
18359 12761
22789 25798
4691 4045
25111 29769
2349 20224
3954 16041
10775 24843
17934 7572
14337 13277
28453 23278
24249 9080
1144 9556
6091 21503
5953 11928
7574 22652
20945 19744
21378 17165
6095 8645
29196 6830
20854 19944
4224 18014
22365 10630
29182 6446
3323 19545
2233 27015
4320 12193
9374 1593
10408 15081
15875 17795
29493 20598
15818 30099
19281 9412
8996 6391
26074 17090
2530 19681
9369 11135
24899 25091
24954 3698
28435 11901
23269 8604
26683 11436
5183 19281
16883 13089
19106 18531
29113 14187
12392 10268
14729 6135
2400 10013
7630 10126
19915 6434
10414 2584
24486 6668
15140 19430
7532 27194
14630 12352
28305 17804
20552 652
5490 9327
4688 29525
1538 27462
2972 29513
12019 3389
14353 2328
11871 3550
25250 24951
8222 5569
16949 9263
29340 26996
17616 11868
8755 11801
3425 25042
18869 22004
23830 30158
9169 22976
22627 3985
12525 29518
6401 21966
24203 9176
3164 24984
23241 12463
19299 12934
25436 559
19952 7240
23334 29904
4164 5389
20112 18777
20677 12288
24679 17531
13554 23848
21609 17582
14211 19072
29469 18506
2050 9004
26634 23189
27456 21747
27283 27176
6345 1858
26310 1459
6147 29602
25531 4511
17216 11108
12254 21264
23052 20445
25257 23688
13850 11377
8931 551
28505 16753
25254 22461
17796 29541
24992 27546
6313 29094
15205 22961
11240 25246
24339 25973
20906 4357
22470 11225
29182 844
5578 2646
27125 29824
26240 11193
5793 15531
8308 13073
6339 21263
6215 10193
14539 4312
1642 23560
16829 9129
13364 16134
27114 20615
7822 24643
21109 13266
11430 27883
16255 1505
10069 1158
29205 22193
16341 13877
5894 3777
3878 24254
28785 16193
5410 9762
8238 28791
765 15292
10520 11562
26490 10540
23349 17589
7616 27979
2222 20061
28220 13596
21058 23703
8746 21036
26812 15000
579 4928
26508 13376
9165 28161
26281 8423
21637 25219
5020 13306
6370 12483
695 28315
2724 30169
16172 25491
16712 30023
9215 3987
22652 25138
30088 12057
24762 26137
9035 20341
24787 666
1838 18323
6595 11409
7551 3589
28832 20476
18835 922
9062 19452
26728 17364
89 3982
1461 374
25508 4495
4623 5891
28815 15273
26886 25862
20719 24918
14057 4714
398 20433
8758 22069
2293 6879
29184 2440
25473 26538
17600 2782
16940 10065
17684 10791
7812 25999
19045 20888
15114 28412
29125 7017
16013 6745
16177 11027
28262 262
8754 9272
7741 12779
27770 4088
23671 29790
26370 25127
19587 12383
11906 26593
14975 9561
3833 12330
15477 26850
9746 3734
21931 4537
25286 6311
22005 16085
24664 20396
20160 21840
16215 1102
15297 20673
8653 12781
3448 7187
6488 30386
14989 13097
3057 19740
24500 3406
5222 21813
5624 2434
28643 14097
28010 7245
18200 27246
7198 4671
9392 4024
12941 17320
27241 9956
21031 332
23452 27521
3057 13310
4742 9229
2382 14711
1280 8139
13217 458
30317 27442
649 20236
22410 7613
27009 23492
24270 13323
822 20877
1978 11619
2381 11340
5982 23440
22718 1750
24231 16171
8311 2968
12822 27620
18637 11949
11602 10887
12827 24900
15339 13295
14587 28698
24883 21720
14122 24669
8591 14707
15782 23425
18106 12543
14119 3199
22055 20783
6398 5484
8907 29536
7791 4048
1454 13530
19166 27723
20922 5927
12455 19356
30269 7301
20018 13789
27173 11698
16824 25895
26469 12106
685 22483
12926 30180
12454 14016
9914 26840
19189 29961
14625 25214
9246 25534
18781 28040
9999 17247
28624 22629
11903 14629
27745 30017
15660 24117
543 11047
25201 22751
17177 23621
17618 23721
23571 20615
24285 10765
12591 14849
8798 3486
14687 20614
16227 17457
6514 5652
24476 9449
14123 20436
4500 9211
11593 8517
9853 11183
25897 23619
21660 23879
19921 28663
18892 11765
24901 16910
24680 25816
18614 16629
6989 7386
23413 19742
20852 24412
13624 22755
22612 16846
3563 14538
20436 26763
20101 12280
709 4123
23697 6149
9645 22085
5449 6788
14439 7556
24032 13403
20560 25703
22682 13023
8550 25819
23420 6540
16096 3287
511 10635
4855 1621
10265 16119
7817 29688
28117 16038
30287 14750
68 8410
8395 18577
30009 1072
23989 21273
19865 5924
25004 4335
11842 5029
1902 2358
19143 28335
8031 3058
18420 1114
4093 10081
25489 17687
16186 23610
30043 23488
19607 5407
28948 15015
6731 28993
24171 3845
18662 7515
9908 18488
6678 12276
29212 16376
8100 6679
25608 18136
3218 8320
21008 20583
21917 4169
19927 12939
2725 26660
2227 10999
30213 4809
25772 21256
25473 16597
7592 4441
9725 8992
19591 11012
10311 6399
11430 788
900 15859
5718 11597
16052 23835
711 18273
12707 6617
6136 30226
25705 14205
1308 11998
1365 5782
29804 13992
27069 12227
10014 9174
21938 4054
6202 23373
16617 25759
9454 23207
4392 16833
28672 27675
16589 14283
17907 10974
27755 19019
12400 29680
3048 22362
9569 20572
27630 26182
4973 18354
22668 14899
13063 3215
3433 20826
19396 20139
23583 8095
15832 17267
25203 10629
16902 15437
860 23211
3686 29804
5290 22161
7224 7945
13755 26489
23843 15963
27433 13065
20493 27988
5959 17696
8939 21159
9819 28414
4299 3804
6440 8110
20856 27793
24265 11934
20473 13664
23597 28269
19060 3208
10538 3766
20067 22908
28928 4684
26031 13942
2546 14309
6673 23674
9341 19005
10622 17024
21255 20819
18338 18880
6330 1188
27600 14113
21150 29958
20327 8233
15190 10456
2817 27225
27519 18700
26057 18001
9787 12150
11890 12410
11665 9278
26051 19618
18019 25989
17415 23686
15024 23786
6843 25828
5377 5779
4367 23441
29175 12214
6543 23426
29467 22456
21840 20274
15544 26943
5990 15478
11052 7801
21355 1443
18238 5246
5954 8914
29080 11768
28638 17330
15980 493
15344 21256
8653 12533
27976 12130
18028 29156
26107 5560
11986 21774
29279 14949
3367 4465
23711 23751
13906 7039
20978 24478
8474 25975
10622 8272
126 9315
497 26564
26161 13131
25126 29280
12160 7098
6193 14148
25862 23132
19371 964
20018 8038
24692 23124
24539 24943
3644 16843
16995 29966
20518 19067
17325 91
150 5452
12122 4934
9899 21740
3145 24611
19622 21314
11190 23554
28836 7864
9866 3991
29107 5509
28117 4549
26342 19337
28085 14247
3974 18862
27690 2037
5219 21967
26198 26543
3265 12861
17138 28666
4985 4877
11648 23433
677 8390
22790 7964
17465 1885
12286 26998
19451 23229
6965 6727
11421 6607
6907 19634
23734 17510
26759 11991
29076 6281
25423 20864
7887 697
22540 13618
8743 26450
13878 21771
949 17946
8705 8603
7407 12131
19277 10904
19315 23919
23398 13942
25124 24230
30125 3633
9361 21691
6543 6378
24639 1520
25855 20645
5557 8527
22039 18779
26468 20697
16810 8258
29010 26991
12347 26143
22859 6920
7675 20323
10422 26433
27150 3415
28764 22236
18357 22441
10997 1142
18840 630
5016 23754
11091 29606
15969 1043
610 27376
1357 1840
12829 28055
27220 25458
20422 29255
22791 23179
12198 7341
8807 27255
27989 23414
20176 10081
2552 14463
14651 8268
12765 23789
13775 14499
14804 19051
10042 26030
14679 5695
19905 11128
12516 8199
29280 6279
17548 12667
20709 10999
15783 26640
23926 28171
8539 12882
25390 20908
10985 5058
5070 15782
13616 29225
15775 22324
6419 29370
3439 6588
5205 8535
961 19150
24847 23712
17589 4407
5966 1851
3213 1951
4845 10365
3851 28646
11866 26541
16968 28442
22096 23609
12555 18748
705 12842
16239 156
22559 23231
14205 18897
29824 27883
26241 13373
24522 27361
22654 12791
17346 27260
12312 17645
21548 24247
7070 2205
13192 681
18292 8231
1037 10625
15232 14737
18882 7293
26448 26570
14433 307
19645 1899
29980 3003
29586 1949
3290 17550
24562 5868
27470 24247
9375 16981
29025 14262
26576 29370
9247 29693
27199 5415
3560 6155
4568 25625
12081 20308
7793 9531
26508 6997
23939 7255
2445 5769
27730 9542
4679 4542
20673 12353
13191 25400
5422 5279
2357 21368
18394 18659
3773 24322
5045 26141
18825 30327
24186 7341
15961 4504
5380 24892
17038 10641
5683 30232
11423 29041
27858 13739
3577 11286
14409 15386
11741 9796
7068 22151
20121 14135
7325 22578
20102 3013
6621 14242
1350 11942
28787 15658
1068 6598
10955 12577
19611 22887
24518 26481
28744 21137
28549 7426
30156 24324
2362 8144
2705 2153
25053 20884
19621 6988
27432 21723
15586 12118
3065 22162
19707 5807
10129 4012
24461 14959
788 19130
14157 22965
14414 13552
14821 21504
15791 16590
9783 26551
14061 28983
24092 10367
1320 21191
8038 15665
21063 3274
14847 21568
16483 23440
18958 9577
27607 30434
2501 15924
3881 4308
19596 3381
8576 25880
11703 26238
8483 24631
3857 2385
22302 2191
4429 16858
903 28790
29676 6007
25429 25055
2803 931
2266 1695
23526 3252
15831 6576
23643 20085
24345 4148
717 28890
16476 27195
26044 23548
25389 10386
13238 24988
14431 16399
23642 7137
22288 2541
22678 21427
9010 26177
17957 29594
16244 28472
23344 135
7050 23484
23037 10043
2986 28703
6784 8550
8378 4764
8979 4953
3791 13211
29186 11959
19328 10454
18775 23936
26823 65
19839 19608
3256 18093
16792 12218
20637 8059
24520 24179
1296 7540
8857 24926
1255 12905
21061 25134
6805 16115
16589 25684
6512 22121
30309 4996
14770 10411
14929 25857
14189 24017
20019 29406
25062 20143
10114 4766
7683 9133
13733 21245
8600 14218
15212 9555
12988 7079
1950 22044
30332 20691
12045 5249
16475 13240
11212 20463
12371 3318
6438 7075
8016 20930
9315 9267
1070 27222
21887 3798
23812 3218
16251 28224
2143 24701
22053 7326
24150 6729
13160 22676
21766 2368
17111 21719
12335 9948
7200 26705
29156 9688
8967 8598
22132 3308
4566 20214
9892 24967
26763 11716
14837 7531
5559 5297
26652 23449
13526 27901
398 15106
1750 10759
4672 28196
19379 4033
18174 9270
8352 24835
29544 10621
12695 10699
28789 27912
14771 4879
3345 6874
3442 7743
1807 24260
8505 372
17179 13792
16476 25754
27379 11676
22178 14809
9489 28496
19954 24540
18100 12547
13058 26361
27446 10103
4415 6420
6373 30017
21245 28574
4636 2708
1154 23017
15899 2293
10768 10971
5939 663
29143 14411
21114 15275
27135 11645
23545 4998
29554 27634
4735 24351
10830 21082
14089 13756
11252 15719
8474 13869
6471 17773
12996 19640
15125 19682
22440 21512
23233 8289
4299 24617
29447 19225
20055 23112
6633 6783
21451 23232
27024 6284
23826 22831
11186 16999
27252 21124
12704 6329
23856 22798
9588 1764
4982 26491
12112 11646
12839 23098
7399 23000
8579 29231
9210 17992
14743 15404
5466 25765
13453 20350
22236 11504
14802 21005
6420 13519
9602 6077
17375 22051
830 2627
12867 12180
1431 18740
16860 19348
5354 16987
29315 7761
18384 4719
23000 12531
23982 21080
1124 11097
6595 26643
29163 7447
24192 8197
17452 39
18668 5151
5319 14070
28354 24844
14903 21274
9687 11648
28066 24965
1937 29468
14139 30011
20463 16693
30393 12604
19098 5241
9642 22657
28196 14285
4548 20689
7185 16841
8321 19688
17089 12595
3972 83
26833 15146
6985 14690
24325 26761
5580 28416
29686 1278
12522 27274
4500 18250
17658 12616
23559 28664
19197 20129
9145 4151
11677 13816
24116 24350
12836 18705
23539 24441
10856 10137
11317 18771
13367 5089
16144 12487
4147 4497
27531 29478
19787 25375
10172 22870
664 20330
8199 6874
20403 23712
24377 8265
4549 27697
14638 11576
27178 1937
25841 30422
9536 7253
3677 15808
29970 10942
29418 108
28396 20874
1417 6689
29156 16952
24218 25212
10204 28528
1979 29902
1688 24546
27373 11607
18244 6244
1240 22077
21254 26987
30236 4422
28425 22837
6663 980
27520 7236
14955 15822
6638 6736
28740 24343
23952 5362
14500 6517
1163 13076
2078 22474
1389 2518
28237 20106
30018 12869
3856 27451
4433 5976
1142 1840
23015 29857
23922 14671
25693 25239
6798 230
16144 11431
21880 27277
6185 15344
897 25366
14037 18350
3538 9100
23389 10577
9559 12703
19745 18418
10577 30210
19906 8854
20486 3553
11451 11480
12031 2405
10322 13717
2471 10608
1493 13378
2823 19208
10429 27894
4685 15261
17905 16799
5491 21003
21439 27080
28543 18836
13611 29585
28194 26456
24255 20573
11467 11453
3648 21948
6595 28494
13873 11029
13588 15298
3472 2655
22110 14477
5823 14994
23090 14039
29169 19551
17900 143
29118 6821
7944 6742
16124 29422
21247 1626
22925 8648
12237 22215
25866 24077
20279 16723
20014 3222
22012 30246
2272 26441
2948 8749
2818 3493
3207 22873
15131 12199
11689 30206
13639 19597
24605 5563
14264 20794
13927 13667
3333 9809
24584 240
19314 1367
22114 6381
15777 27830
10876 18480
5826 21416
11730 29075
30346 16667
5336 27445
16729 25183
15661 28498
23377 30370
21226 2352
27814 13281
17733 10725
16610 23626
27798 13837
7754 12460
19741 15268
18897 8134
1795 29624
24364 1473
13911 6687
13801 19955
8995 11381
9510 24898
5194 7233
28695 23295
23688 1644
14349 7222
26240 12319
20995 17795
12976 2206
28900 11709
24607 18688
27963 12289
16368 4050
8517 14651
28679 14700
12864 29684
23267 13971
13887 22622
8192 6763
11971 30414
27953 10927
14705 18349
29182 27719
12674 19130
2931 3418
1032 20115
26840 23865
19638 22457
4654 2838
27928 1057
5311 25835
3644 24207
27727 23191
802 9326
8828 28705
11301 25957
5742 12142
1764 13970
16963 12300
16800 14669
15413 24349
8147 9261
17696 7657
3755 5245
19054 26970
1492 3566
24029 16694
28541 6336
23527 16034
11915 23305
15242 20108
3639 7911
12441 29551
16018 3626
17999 21372
19204 4521
28543 1434
7876 21455
15829 21676
23390 11858
24359 23831
5685 17858
26919 7725
18060 20313
28828 29557
24541 2419
6493 10189
14281 8515
3077 23396
17015 12148
2715 6610
29215 7962
20315 18572
16952 22801
16933 24851
26268 1676
25767 20942
7019 16521
28809 29410
23426 10259
25719 28777
27856 29239
7795 21681
3598 4451
12030 5163
7947 9235
18668 4917
12893 1470
23502 18606
14600 522
14242 4953
7122 10613
2133 27483
21755 15720
25061 22183
27961 19772
29100 2051
11314 29323
17127 16090
4981 26708
16001 11791
17774 236
5207 25744
27690 19295
10501 24327
9461 19451
25560 21025
23336 8901
14055 21995
25264 8885
1354 28237
11103 29334
5141 23077
14440 12892
11489 28089
8342 20709
25335 3970
21356 13620
11680 17030
30195 12123
23200 18439
10761 140
1975 22808
28711 15000
13172 28923
14783 9700
27524 3972
16049 30259
11091 26672
8821 4654
21058 25646
24440 2108
23666 18806
7477 5728
21440 3739
6675 14676
23551 28652
21909 22248
18282 10284
27499 14100
20946 22590
477 8033
25627 13099
15875 5700
20735 18392
26972 1255
15656 8856
28471 21448
4775 16981
1593 21152
18669 8289
19872 7697
1801 27507
9566 22511
23142 26265
22833 28903
28041 19730
3604 2268
21362 13132
11274 19156
9567 18284
8682 16065
10723 13635
2165 28711
2738 8598
14580 17932
26948 7776
25446 708
22852 1596
16126 7569
30249 28040
13445 22618
16985 2811
4741 4625
11942 21215
6808 9323
6406 6423
28887 25955
22094 1330
435 8789
3850 14829
13170 3192
26107 22273
523 14396
8212 21653
30235 1031
30085 4699
3626 2311
11559 14590
20598 1767
22370 10639
1497 1229
5431 24823
8516 3400
7256 16921
12803 20800
959 4955
12992 22868
270 20159
10735 26563
28241 12156
4094 11230
25331 20440
12254 12362
12638 7106
21597 15262
10649 4769
30003 16
13518 7749
2387 15426
23290 24573
30422 18679
7904 23403
20370 7363
13158 1432
18295 8626
7266 23711
19836 12347
23895 2527
12886 6414
28863 17795
27296 6032
17569 10881
1011 2214
7761 22484
26612 6590
2399 18804
30310 8302
16961 1066
7562 17300
20823 8104
23901 1703
24410 13241
16938 10822
7546 13245
13441 7263
18916 29232
26158 15003
1499 11212
12452 7825
29222 3127
7040 5664
21083 1824
21610 12413
3146 10778
10539 27189
3900 26396
19304 3211
27472 8129
12378 23808
7854 7229
11378 5784
19771 29575
7198 20043
9428 29036
10120 20877
11884 824
5520 15673
1664 16214
23227 25866
30300 22991
27973 10373
3738 17731
12200 28008
3264 22528
3556 14782
23403 23851
30391 1491
5778 26299
28820 21314
16268 4566
2840 15328
14377 29815
22671 13148
20445 25744
27273 27733
5469 15159
21489 12158
13188 19859
1982 4553
999 25236
13309 9956
9297 28271
857 28355
9593 24002
12596 3457
15361 6079
13415 24955
26593 20845
28830 25456
14410 25223
8779 2631
7712 21579
14258 1003
7345 10254
16648 25921
12430 7376
23991 23687
651 26082
19890 7178
28080 13628
29894 2584
21858 990
20257 30274
18546 25649
6186 11244
28922 26570
5615 13338
7378 3312
1724 11182
21703 25012
10067 26827
21202 15476
25783 26407
14818 23064
22431 14332
29708 10382
16868 28117
25670 19583
11049 29384
25957 12522
7341 15923
22429 18979
26690 9156
10445 9922
4556 25754
15170 13487
20538 3056
27581 5026
12759 29882
27909 18051
3095 9561
25525 8142
26594 16484
29409 28648
500 29105
24095 9406
25698 8519
1601 8528
23809 24746
24269 26301
12574 13416
15066 2218
10518 11835
18080 18602
21491 16648
9154 27329
5804 30359
12065 29813
7631 13786
30167 16768
12915 13736
15283 3887
22743 6567
16996 1224
23078 911
2661 3867
27439 2271
24539 3695
166 17184
17589 12716
19739 11700
22484 6949
21000 1807
27717 5618
20203 15976
18180 20108
30413 3369
20314 13497
21092 13876
9451 5129
27571 10759
22812 24173
27829 8012
28219 21699
666 30397
30106 22715
21592 22201
23796 1734
10714 12214
10105 25073
20485 5278
11974 15404
27625 28554
13353 5963
13166 15344
18374 2011
6998 18856
6244 19661
21972 20233
28135 20387
25388 22504
7665 24363
26747 8093
18065 15832
806 5055
26119 12612
23798 16142
450 18053
15943 20723
28795 26425
28509 1345
21854 29969
1248 1622
13661 17978
17204 21544
590 18085
4413 13712
15748 22446
11576 28513
755 14014
8171 24339
2916 3622
3523 17987
19359 15247
15618 10081
20108 17915
1520 1819
17313 1448
19954 4664
11108 657
23380 16355
22141 5046
1208 10202
26150 15408
22822 12861
431 8947
27460 19907
23970 7327
7185 2267
14128 1865
15918 17393
13596 17935
2291 25986
10455 10995
26099 29741
23560 5511
6191 18619
14567 12799
28711 23191
19995 21120
8629 10951
8295 8976
29196 8146
4626 25228
16854 22042
1211 27809
14906 1821
12346 15470
23380 3371
15144 13609
12981 28231
1387 18252
14050 22874
25932 25609
25755 13237
21012 3446
19575 8213
27987 11379
7720 12688
9277 3703
20455 24946
3666 26444
15227 4392
2813 3196
12626 19999
27760 27580
28367 8645
17061 22194
26723 13030
16264 18350
16905 7891
5216 12376
6202 26816
27516 14248
18872 15089
7089 21339
24336 22159
24974 27862
19796 6295
11967 11458
139 19819
21855 897
23411 98
25030 16355
3225 5108
23018 2860
16628 24955
4846 23328
193 6711
10577 2991
28941 18771
21184 8794
21397 3640
2119 16405
23116 6288
24890 5320
2256 14712
21233 29866
7017 28396
29567 4249
25434 27111
13903 7440
26333 12836
12565 30414
10622 15989
24441 6211
5137 30327
7403 372
23534 12795
13224 29
16659 24094
13119 8937
28352 17992
27940 22528
17561 11928
16919 20841
24246 7744
300 9018
10454 8014
19387 26
24423 17507
2666 12229
24609 9330
1913 55
25175 4327
27942 28988
169 18015
30401 5265
15273 2545
23820 11186
22620 18502
438 17444
10385 13695
2682 6839
15718 5446
12024 29787
25506 27173
27296 2274
24040 25146
1710 18689
4159 8457
5594 4231
2061 19402
24695 23471
24981 29310
7043 24758
3574 659
14995 7895
23743 11595
13211 17095
3760 13134
15775 25595
15469 19271
21286 7919
3638 17008
8078 11057
613 10186
6774 17420
26313 10977
26030 11504
3767 13448
5425 17176
19465 13927
25943 26119
10644 18242
17182 17342
28129 10431
12646 24079
7855 10071
12087 15020
7494 11459
10812 7648
25591 23643
11399 20590
5225 15807
30003 6388
10237 9904
28690 13367
29588 23301
8374 7200
408 22449
10921 26702
6214 29211
25751 10736
25856 11834
3763 25003
27621 14149
29771 3615
21813 21595
27497 22942
6566 4759
3013 385
15213 386
7981 18816
14809 733
3709 13570
498 7709
18006 26759
4127 15552
9492 29178
6824 19762
27299 16596
10189 28865
2872 4013
14832 12671
21335 5693
16548 29906
5203 6717
14230 22579
21839 25030
28413 22043
11128 3102
30120 18676
28948 3675
19064 21057
15667 28319
19535 5402
25184 13298
5808 833
3797 23971
8497 29941
107 2690
15529 26302
7234 10155
27947 16989
15532 5996
10022 321
12313 5029
28131 13233
25927 11878
25124 29655
2755 10129
29195 24999
9432 1383
13870 23370
27475 12623
28611 2493
5285 3345
26839 8367
12712 280
2536 11025
5424 14438
26930 1528
28485 29821
2536 4561
15101 28462
2453 9569
24015 28557
27686 782
11986 18733
30100 2549
24380 25190
26172 22789
4454 1687
8619 11697
22810 9946
19371 5642
4754 15083
27893 13980
28812 24811
16161 23749
21815 13502
10044 24394
27782 16088
1740 7176
17635 25454
25322 662
961 25350
17199 24950
16351 3266
9891 15062
23597 23775
10578 28607
21269 1142
9674 13986
18949 10381
2653 26569
23233 7627
19985 18390
9170 21778
23095 11850
10071 10124
22651 15968
23575 15116
27723 15921
5826 18202
6597 30299
4740 21219
28883 19229
1009 20734
8160 1959
19920 1982
5216 1360
30428 21556
22937 28103
26162 13729
10056 27378
17549 7132
3367 6386
2241 7143
2969 12638
25436 4769
7818 21500
5794 30062
14513 16144
19879 9211
27561 10014
28179 18888
22686 17545
13566 28821
3936 9318
25758 1627
7821 1742
19400 22978
4607 28360
27729 15668
26375 8453
18624 23911
4028 17585
13220 28473
11274 18036
3554 28162
15468 13847
11287 24665
14313 29687
25241 7599
12938 28047
11282 5962
28181 28561
5859 2661
17373 812
11654 9069
10481 13402
2992 14589
13979 4102
6406 25769
19201 24143
1581 20731
2434 17528
28545 411
11991 12375
11378 19438
20540 625
24530 23497
4802 18611
10817 22129
22344 30325
8321 817
16430 24688
6722 7210
28418 4960
20019 11492
22892 3253
25941 18030
14651 30364
25269 9530
17370 25180
6598 2228
9600 4043
5678 370
3091 22135
12917 19331
5260 1664
13962 24525
6537 12635
20352 6095
27379 13534
28624 19678
330 30116
9534 18212
29505 30314
22718 24389
8073 30212
12693 19818
5907 5158
23952 3499
11075 24184
8940 11914
3309 8960
20669 26166
22701 3238
14163 3679
1645 2892
15692 8500
1329 6414
6287 8463
5395 16216
21687 26166
8716 6495
24243 27854
12695 24704
21157 28347
26278 8788
30024 10906
10496 12759
3647 23940
3980 16743
28302 6357
27465 6657
14838 26705
18438 16910
29912 2201
24735 10781
22284 5173
12145 255
23420 22907
25668 22895
18219 136
9247 29499
1985 8395
15791 27145
26818 27840
16453 612
14897 1826
27574 14450
14835 27519
20337 17947
14588 21772
19441 21388
17665 19337
847 30132
18995 11444
18438 19399
5289 15443
14171 13348
27003 10042
20529 2263
16217 24889
16935 9232
3592 24044
17501 18587
12771 15168
5395 20872
1211 3720
1831 15171
8875 29020
26409 24466
3195 19777
9391 25395
26173 8238
17430 10615
7859 29240
15003 6248
26596 9930
4674 23356
18 11420
21450 11029
5072 17200
27082 7084
22125 28090
16487 22421
5762 24700
15596 5538
28007 29367
14315 21715
7568 20899
23946 13053
29833 22481
25479 28790
7596 26521
13524 21794
5970 8466
4606 1057
2707 14042
5749 6013
19621 387
5684 17496
19314 27234
28607 16279
9067 13120
30306 21317
5363 21913
18877 11370
4321 10834
16208 21345
21753 10515
2009 20560
9265 17500
3729 129
13805 25672
17151 19358
7931 28629
18751 22663
11502 30089
1365 22593
15720 26575
29564 2099
15115 7945
26314 12328
9897 9858
2180 25199
27848 27427
12661 29712
24521 2608
19896 3604
16408 27493
16263 9204
20104 28660
10936 16775
23239 2666
6622 22654
30067 185
5729 28648
24585 12392
18615 11745
7753 25153
7113 10605
23659 30369
12191 21724
26655 1593
2265 12309
11820 23657
7877 12478
2767 5806
7903 6772
1100 18489
88 10348
24918 22041
15000 20381
3935 16809
7421 14844
28237 28708
7996 6402
19785 26338
17653 559
8124 17923
793 24448
17117 16622
10359 8253
12825 6
3581 20180
16046 15147
25695 15705
13346 26749
27533 13420
13849 25458
29666 15735
4993 10388
26725 3646
26826 6010
27346 761
20833 28426
13933 14254
24851 1756
24979 18788
3198 3349
18251 20903
12683 12484
13144 16694
16039 21641
20562 19207
19287 7665
10963 1917
1961 6439
12895 25184
20319 12973
24966 11296
1303 18131
20060 9011
13494 16873
10877 21008
1812 14534
27302 29354
26658 7829
27696 28903
4222 18213
11161 26929
29907 14343
23607 25415
21991 29654
27471 27746
24311 4770
2563 4862
20146 8539
26862 3117
17206 14941
15205 2927
689 5117
5122 5754
29146 810
18181 4415
17671 732
5452 6553
17927 23816
24662 19958
21833 23587
24469 1428
12827 9048
6470 14154
27999 764
22846 13292
747 23730
21073 8294
11074 1436
14691 5143
23834 10246
15249 12627
21761 16231
4745 4350
10719 25040
20323 13842
26301 25537
25857 27573
29109 23683
25158 30161
8118 26398
2292 20225
27591 15144
13214 23667
1750 8251
22975 8256
4646 24627
4297 19016
272 28826
19604 10088
22033 5246
5379 20300
24560 3012
19943 27710
18140 28882
1681 8977
5367 30276
15893 1060
30047 14881
3380 24844
5389 33
16475 183
7760 17041
21906 7891
2627 18901
26091 17884
11122 3095
13069 1160
14169 29735
20061 9739
6290 26014
3113 8329
25086 22774
25416 14060
15680 14808
9018 4966
11096 2705
16060 20957
19140 27803
10276 18700
1005 2874
26371 11715
18764 15945
13451 13521
8268 973
17325 2814
29204 19710
12676 28905
28235 25904
24148 27010
27003 1028
14360 3437
7212 22637
27540 28734
7296 22047
24054 1031
5390 12019
14856 2275
911 24546
5292 3936
28430 27836
12995 29333
4228 4779
28525 9392
12187 3790
4705 9361
24922 6681
28506 20237
12557 25023
2077 18339
18465 26652
6865 16897
10205 27613
13294 27162
12132 7230
8876 4589
8857 1954
9566 1420
5085 13236
17017 6196
944 27212
21247 18845
27862 4053
19464 21465
30151 19358
16953 14964
23133 17843
17112 8620
3997 21972
9221 2690
27151 1982
17051 23553
26116 12678
19058 3233
15101 2360
26890 5763
28010 19799
27164 803
21432 7706
29415 12618
28004 10188
21861 25908
6123 7449
6554 13083
